  9.8964730e+001  5.6493467e+001
  8.8372209e+001  4.7441329e+001
  7.4766038e+001  4.4438864e+001
  6.2682352e+001  4.8990660e+001
  5.5134803e+001  5.5047044e+001
  6.4209312e+001  5.9567520e+001
  7.4790647e+001  6.1063160e+001
  8.6878807e+001  5.9533963e+001
  1.5639412e+002  5.6408455e+001
  1.6393943e+002  4.8840771e+001
  1.7602311e+002  4.4288975e+001
  1.8962705e+002  4.5780141e+001
  1.9870827e+002  5.4834516e+001
  1.8964942e+002  6.0893137e+001
  1.7755902e+002  6.0911034e+001
  1.6546639e+002  5.9417632e+001
  1.0647649e+002  2.6256288e+001
  8.9836529e+001  1.5701799e+001
  5.3563100e+001  1.4244191e+001
  4.1488363e+001  2.4841186e+001
  3.3947525e+001  3.5431469e+001
  3.9999435e+001  3.9956419e+001
  4.9058284e+001  3.3897798e+001
  6.1137495e+001  2.6323403e+001
  8.5325001e+001  3.0821507e+001
  1.0346955e+002  3.6839860e+001
  1.4426121e+002  2.7711659e+001
  1.6691952e+002  2.0121604e+001
  1.9562750e+002  1.5545199e+001
  2.1074945e+002  2.1568026e+001
  2.2437128e+002  3.5149589e+001
  2.1984633e+002  4.1201499e+001
  2.0623121e+002  3.2153835e+001
  1.9413187e+002  2.6126534e+001
  1.6844648e+002  3.0698464e+001
  1.4880854e+002  3.6772746e+001
  1.1255972e+002  5.1939434e+001
  1.1258656e+002  7.0075029e+001
  1.0505691e+002  8.8221811e+001
  9.6013719e+001  1.0485953e+002
  1.0056999e+002  1.1996582e+002
  1.1718757e+002  1.1540731e+002
  1.3230057e+002  1.1538494e+002
  1.4893158e+002  1.1989423e+002
  1.5495217e+002  1.0326098e+002
  1.4586200e+002  8.8161408e+001
  1.3676736e+002  7.0039235e+001
  1.3523145e+002  5.3417176e+001
  8.4006096e+001  1.6079551e+002
  9.7596607e+001  1.5321888e+002
  1.1118936e+002  1.4715355e+002
  1.2479329e+002  1.4864471e+002
  1.3687921e+002  1.4560422e+002
  1.5048538e+002  1.4860668e+002
  1.6863216e+002  1.5613634e+002
  1.5353707e+002  1.6824910e+002
  1.4145562e+002  1.7431220e+002
  1.2634710e+002  1.7735717e+002
  1.1123186e+002  1.7586824e+002
  9.7623453e+001  1.7135448e+002
  9.3073894e+001  1.6078209e+002
  1.0969372e+002  1.5773488e+002
  1.2481119e+002  1.6073511e+002
  1.3840841e+002  1.5769238e+002
  1.5654401e+002  1.5766553e+002
  1.3992418e+002  1.6071274e+002
  1.2481566e+002  1.6375771e+002
  1.0969819e+002  1.6075748e+002
  2.6415635e+001  5.2066951e+001
  2.4942367e+001  7.7761282e+001
  2.8000760e+001  1.0193760e+002
  3.2572691e+001  1.2762299e+002
  3.7144621e+001  1.5330837e+002
  4.6248213e+001  1.7747574e+002
  6.2903830e+001  1.9860933e+002
  8.1064034e+001  2.1520678e+002
  1.0375366e+002  2.2877491e+002
  1.2945247e+002  2.3327078e+002
  1.5513785e+002  2.2869885e+002
  1.8081205e+002  2.1657042e+002
  2.0194787e+002  2.0142611e+002
  2.1703626e+002  1.8477944e+002
  2.3060216e+002  1.6057851e+002
  2.3811839e+002  1.3336393e+002
  2.4110072e+002  1.0615606e+002
  2.4106045e+002  7.8952670e+001
  2.3951336e+002  5.4774113e+001
