  1.0307746e+002  5.4739044e+001
  9.5551805e+001  5.0126339e+001
  8.0457558e+001  4.5442083e+001
  6.8319195e+001  4.8355036e+001
  5.7665929e+001  5.4309735e+001
  6.6705305e+001  5.8936750e+001
  8.0300145e+001  6.2092979e+001
  9.2424197e+001  6.0693743e+001
  1.5303015e+002  5.5211283e+001
  1.6065598e+002  4.9227963e+001
  1.7432237e+002  4.4815602e+001
  1.8640349e+002  4.7957520e+001
  1.9541425e+002  5.5611971e+001
  1.8628901e+002  6.0067262e+001
  1.7263693e+002  6.2965905e+001
  1.6205522e+002  6.1352016e+001
  1.0640542e+002  2.2979590e+001
  8.9840380e+001  1.3739870e+001
  6.2622080e+001  1.0454850e+001
  4.5885323e+001  1.9379744e+001
  3.9744590e+001  2.8404809e+001
  4.4242813e+001  3.2988894e+001
  5.0340615e+001  2.8504981e+001
  6.4035626e+001  2.1065185e+001
  8.8197870e+001  2.7349020e+001
  1.0479152e+002  3.3561305e+001
  1.4574777e+002  2.4865375e+001
  1.6551196e+002  1.5969102e+001
  1.8976007e+002  1.3170631e+001
  2.0179826e+002  2.0853702e+001
  2.1080901e+002  2.8508153e+001
  2.0623924e+002  3.1492658e+001
  1.9869927e+002  2.8393671e+001
  1.8661815e+002  2.5251753e+001
  1.6842491e+002  2.8107465e+001
  1.5020306e+002  3.3990613e+001
  1.1821464e+002  5.4882146e+001
  1.1805723e+002  7.1533042e+001
  1.1333004e+002  9.1168443e+001
  1.0107720e+002  1.0619114e+002
  1.0397584e+002  1.1984322e+002
  1.2065536e+002  1.1697320e+002
  1.3427882e+002  1.1710199e+002
  1.5392853e+002  1.2031546e+002
  1.5404301e+002  1.0820572e+002
  1.4209068e+002  9.1440338e+001
  1.3773556e+002  7.1719076e+001
  1.3789297e+002  5.5068180e+001
  8.8495214e+001  1.5602934e+002
  9.9134170e+001  1.5158836e+002
  1.1582800e+002  1.4720462e+002
  1.2642402e+002  1.4730479e+002
  1.4004748e+002  1.4743359e+002
  1.5365663e+002  1.4907610e+002
  1.7022167e+002  1.5831582e+002
  1.5651234e+002  1.6726933e+002
  1.4283164e+002  1.7319541e+002
  1.2613782e+002  1.7757915e+002
  1.1257160e+002  1.7139549e+002
  9.8991067e+001  1.6672554e+002
  1.0056203e+002  1.6068498e+002
  1.1421411e+002  1.5778634e+002
  1.2632385e+002  1.5790082e+002
  1.4147534e+002  1.5653020e+002
  1.5357077e+002  1.5815840e+002
  1.4141810e+002  1.6258507e+002
  1.2625230e+002  1.6546941e+002
  1.1414256e+002  1.6535493e+002
  1.8323576e+001  5.2423950e+001
  2.1107737e+001  7.8185774e+001
  2.5419926e+001  1.0244819e+002
  2.6661749e+001  1.3122314e+002
  3.2473345e+001  1.5701358e+002
  4.1312377e+001  1.8283265e+002
  5.6249212e+001  2.0416780e+002
  7.5770130e+001  2.2100473e+002
  1.0140316e+002  2.3184403e+002
  1.2860715e+002  2.3664277e+002
  1.5436897e+002  2.3385860e+002
  1.7868863e+002  2.2349154e+002
  2.0152319e+002  2.1008274e+002
  2.1990246e+002  1.8754869e+002
  2.2771432e+002  1.6188704e+002
  2.3251306e+002  1.3468305e+002
  2.3428436e+002  1.0745044e+002
  2.3454195e+002  8.0203523e+001
  2.3327150e+002  5.4456010e+001
