  9.8308661e+001  5.2849472e+001
  8.7772403e+001  4.5047809e+001
  7.4084176e+001  4.3289223e+001
  6.3339231e+001  4.7678059e+001
  5.5615825e+001  5.3642880e+001
  6.4680443e+001  5.8370832e+001
  7.6870942e+001  5.8579520e+001
  8.9113614e+001  5.5740582e+001
  1.5621354e+002  5.3840737e+001
  1.6548684e+002  4.6378190e+001
  1.7925332e+002  4.3565338e+001
  1.9291547e+002  4.6847736e+001
  2.0187574e+002  5.7670939e+001
  1.9115688e+002  6.0535962e+001
  1.7896638e+002  6.0327275e+001
  1.6527815e+002  5.8568690e+001
  1.0487346e+002  2.5525191e+001
  8.8215863e+001  1.9142996e+001
  6.9982285e+001  1.5782340e+001
  4.3868786e+001  2.7529380e+001
  3.3071669e+001  3.4965841e+001
  3.6041036e+001  3.9589450e+001
  4.6812067e+001  3.3676802e+001
  6.8249786e+001  2.7946754e+001
  8.3435739e+001  3.1255238e+001
  1.0014550e+002  3.4589808e+001
  1.4911619e+002  2.3234057e+001
  1.6598247e+002  1.7425752e+001
  1.9191337e+002  1.6345400e+001
  2.0702106e+002  2.4225322e+001
  2.1750515e+002  3.5074611e+001
  2.1440535e+002  3.8070064e+001
  2.0384301e+002  3.1792212e+001
  1.9170468e+002  2.8535900e+001
  1.6879532e+002  3.1192237e+001
  1.5200730e+002  3.2429104e+001
  1.1507060e+002  5.3136417e+001
  1.1473148e+002  7.2945980e+001
  1.1134474e+002  9.2703370e+001
  1.0044328e+002  1.0623508e+002
  1.0472777e+002  1.2307528e+002
  1.2004415e+002  1.1876470e+002
  1.3528228e+002  1.1902556e+002
  1.5199204e+002  1.2236013e+002
  1.5532662e+002  1.0565036e+002
  1.4486861e+002  9.3277260e+001
  1.4063629e+002  7.3389440e+001
  1.3945160e+002  5.3553792e+001
  8.4266062e+001  1.6083147e+002
  1.0268224e+002  1.5352544e+002
  1.1655307e+002  1.4461734e+002
  1.2721976e+002  1.4479994e+002
  1.3943634e+002  1.4348481e+002
  1.5154858e+002  1.4826494e+002
  1.6663019e+002  1.5766867e+002
  1.5580699e+002  1.6662895e+002
  1.4196225e+002  1.7401324e+002
  1.2822185e+002  1.7530228e+002
  1.1603135e+002  1.7509359e+002
  1.0089757e+002  1.6873748e+002
  9.7980374e+001  1.6106625e+002
  1.1329676e+002  1.5675567e+002
  1.2703716e+002  1.5546663e+002
  1.4227528e+002  1.5572749e+002
  1.6205876e+002  1.5759042e+002
  1.4219702e+002  1.6029892e+002
  1.2695890e+002  1.6003806e+002
  1.1474231e+002  1.6135319e+002
  1.9122583e+001  4.8445380e+001
  1.7155310e+001  7.4324107e+001
  1.9759475e+001  1.0028109e+002
  2.5359093e+001  1.2933787e+002
  2.9487070e+001  1.5532094e+002
  3.9710297e+001  1.8140836e+002
  5.6107032e+001  2.0302867e+002
  7.7153462e+001  2.2015581e+002
  1.0287567e+002  2.3126596e+002
  1.2872831e+002  2.3475705e+002
  1.5471138e+002  2.3062907e+002
  1.7924890e+002  2.2190357e+002
  1.9934541e+002  2.0548075e+002
  2.1494873e+002  1.8440823e+002
  2.2453507e+002  1.5865994e+002
  2.2805224e+002  1.3128348e+002
  2.3156941e+002  1.0390703e+002
  2.3351060e+002  7.9552118e+001
  2.3243025e+002  5.3621219e+001
