  9.7727329e+001  5.9843964e+001
  8.5446987e+001  4.9344509e+001
  7.3253670e+001  4.6444122e+001
  6.1112568e+001  4.8103175e+001
  5.0543493e+001  5.4304263e+001
  6.1251807e+001  6.0261682e+001
  7.3427719e+001  6.1642256e+001
  8.5586226e+001  6.1503017e+001
  1.5850246e+002  5.7627954e+001
  1.6751691e+002  4.8404644e+001
  1.8114302e+002  4.3688560e+001
  1.9483874e+002  4.5051729e+001
  2.0554706e+002  5.1009148e+001
  1.9651520e+002  5.8712645e+001
  1.8285428e+002  6.0389102e+001
  1.6917596e+002  6.0545746e+001
  1.0195608e+002  3.0915295e+001
  8.6688322e+001  2.5010090e+001
  6.2284283e+001  1.7689502e+001
  4.5618550e+001  2.2440396e+001
  3.3547067e+001  3.0178702e+001
  3.8176127e+001  3.6205741e+001
  4.8780011e+001  3.3044280e+001
  6.0903709e+001  2.9865414e+001
  8.0696093e+001  3.2678777e+001
  1.0054069e+002  4.0051580e+001
  1.5663455e+002  2.7249091e+001
  1.7480269e+002  2.0960978e+001
  1.9146842e+002  1.6210084e+001
  2.0823858e+002  2.0578070e+001
  2.1742708e+002  2.6552894e+001
  2.1595949e+002  3.1129740e+001
  2.0680579e+002  2.8194542e+001
  1.9462988e+002  2.6813968e+001
  1.7642693e+002  3.0062454e+001
  1.5977860e+002  3.6333162e+001
  1.1437566e+002  5.3573256e+001
  1.1461933e+002  7.4850644e+001
  1.0874893e+002  9.3158024e+001
  9.6747067e+001  1.0697558e+002
  9.8458335e+001  1.2367613e+002
  1.1828553e+002  1.2952912e+002
  1.3500348e+002  1.2933766e+002
  1.5619384e+002  1.2149493e+002
  1.5603720e+002  1.0781661e+002
  1.4524186e+002  9.4260120e+001
  1.4047356e+002  7.6074574e+001
  1.4021248e+002  5.3277373e+001
  8.3608299e+001  1.5424644e+002
  9.8806433e+001  1.5407240e+002
  1.1396976e+002  1.5085872e+002
  1.2614567e+002  1.5223929e+002
  1.3980659e+002  1.5056284e+002
  1.5655934e+002  1.5341101e+002
  1.7175748e+002  1.5323696e+002
  1.5668118e+002  1.6404970e+002
  1.4307248e+002  1.7028560e+002
  1.2790915e+002  1.7349928e+002
  1.1117380e+002  1.7217092e+002
  9.7443264e+001  1.6776812e+002
  9.8876053e+001  1.6015165e+002
  1.1253697e+002  1.5847519e+002
  1.2776991e+002  1.6134077e+002
  1.4447045e+002  1.5962950e+002
  1.5661156e+002  1.5797045e+002
  1.4450527e+002  1.6266913e+002
  1.2780472e+002  1.6438039e+002
  1.1105197e+002  1.6153222e+002
  1.2530754e+001  5.3219572e+001
  1.4329046e+001  7.7519182e+001
  2.0704183e+001  1.0328639e+002
  2.7061915e+001  1.2753378e+002
  3.4939461e+001  1.5176377e+002
  4.5856633e+001  1.7595895e+002
  5.9778622e+001  1.9707970e+002
  7.5168210e+001  2.1362360e+002
  9.6602242e+001  2.2705825e+002
  1.2553091e+002  2.3128699e+002
  1.4977831e+002  2.2492926e+002
  1.7243627e+002  2.1250968e+002
  1.9352220e+002  1.9554807e+002
  2.0999648e+002  1.7407922e+002
  2.2039151e+002  1.5268000e+002
  2.2923191e+002  1.2825856e+002
  2.3351287e+002  1.0388933e+002
  2.3927883e+002  7.6463068e+001
  2.4203998e+002  5.2111244e+001
