  9.5972463e+001  5.5502304e+001
  8.8528675e+001  5.0888647e+001
  7.8081363e+001  4.6231641e+001
  6.4522156e+001  4.9040098e+001
  5.5424886e+001  5.4917102e+001
  6.5850525e+001  6.1075869e+001
  7.6362859e+001  6.1227588e+001
  8.6896868e+001  5.9877545e+001
  1.5754471e+002  5.6390943e+001
  1.6666365e+002  4.9012178e+001
  1.7872110e+002  4.6182046e+001
  1.9069185e+002  4.9358964e+001
  2.0259757e+002  5.7041167e+001
  1.9202022e+002  6.1394735e+001
  1.7998444e+002  6.2723104e+001
  1.6649026e+002  6.1026274e+001
  9.7951057e+001  2.2485211e+001
  7.9973259e+001  1.9221597e+001
  5.5923392e+001  2.0376573e+001
  4.2320836e+001  2.6188554e+001
  3.4681981e+001  3.5090756e+001
  3.7620482e+001  3.9639391e+001
  4.6717752e+001  3.3762387e+001
  5.8796871e+001  2.9430494e+001
  7.6818016e+001  2.9690584e+001
  9.7799338e+001  3.2997546e+001
  1.5347291e+002  2.6290679e+001
  1.7460595e+002  1.9085306e+001
  1.9563062e+002  1.9388744e+001
  2.0908145e+002  2.4089097e+001
  2.1800533e+002  3.0226191e+001
  2.1495846e+002  3.3186367e+001
  2.0596956e+002  3.1554560e+001
  1.9247537e+002  2.9857730e+001
  1.7293079e+002  3.1077729e+001
  1.5486630e+002  3.3821163e+001
  1.1549537e+002  5.5784067e+001
  1.1373352e+002  7.3783539e+001
  1.1051325e+002  8.8757812e+001
  1.0124259e+002  1.0664891e+002
  1.0561783e+002  1.1572451e+002
  1.2065713e+002  1.1443949e+002
  1.3567475e+002  1.1465623e+002
  1.5067070e+002  1.1637473e+002
  1.5682946e+002  1.0594909e+002
  1.4807898e+002  8.7797903e+001
  1.4529220e+002  7.2736933e+001
  1.4102533e+002  5.6152528e+001
  8.6968137e+001  1.5901552e+002
  1.0361757e+002  1.5024336e+002
  1.1419492e+002  1.4588979e+002
  1.2768911e+002  1.4758662e+002
  1.3974655e+002  1.4475649e+002
  1.5169563e+002  1.4943517e+002
  1.6662655e+002  1.5565896e+002
  1.5454743e+002  1.5999086e+002
  1.4100990e+002  1.6129755e+002
  1.2747237e+002  1.6260424e+002
  1.1397818e+002  1.6090741e+002
  1.0346585e+002  1.6075570e+002
  1.0052735e+002  1.5620706e+002
  1.1256312e+002  1.5487869e+002
  1.2758074e+002  1.5509543e+002
  1.4410012e+002  1.5533385e+002
  1.5763765e+002  1.5402715e+002
  1.4410012e+002  1.5533385e+002
  1.2758074e+002  1.5509543e+002
  1.1256312e+002  1.5487869e+002
  1.6400746e+001  5.2851812e+001
  1.6032285e+001  7.8381768e+001
  2.1670873e+001  1.0399842e+002
  2.7287787e+001  1.3111684e+002
  3.2883027e+001  1.5973701e+002
  4.1546814e+001  1.8389525e+002
  5.6260997e+001  2.0513666e+002
  7.5545489e+001  2.2193781e+002
  9.9378615e+001  2.3580045e+002
  1.2636699e+002  2.3919411e+002
  1.5344205e+002  2.3658072e+002
  1.8064716e+002  2.2495676e+002
  1.9742664e+002  2.0717403e+002
  2.1424946e+002  1.8638778e+002
  2.2360682e+002  1.6248963e+002
  2.2700047e+002  1.3550126e+002
  2.3187422e+002  1.1003632e+002
  2.3524621e+002  8.4549717e+001
  2.3713810e+002  5.7539673e+001
