  1.0035578e+002  5.5746851e+001
  9.1250638e+001  4.9696357e+001
  8.0638530e+001  4.9712186e+001
  7.0030945e+001  5.2760046e+001
  5.9425621e+001  5.7323922e+001
  7.0042251e+001  6.0340124e+001
  8.0654360e+001  6.0324294e+001
  9.1264206e+001  5.8792450e+001
  1.5341632e+002  5.5667704e+001
  1.6250336e+002  4.9590075e+001
  1.7614298e+002  4.6537692e+001
  1.8827789e+002  5.1067648e+001
  1.9738303e+002  5.7118142e+001
  1.8677544e+002  6.0166002e+001
  1.7616333e+002  6.0181831e+001
  1.6403295e+002  5.8683906e+001
  1.0030603e+002  2.2394511e+001
  8.0591043e+001  1.7875862e+001
  5.9366826e+001  1.7907520e+001
  4.7252271e+001  2.7021704e+001
  3.5144499e+001  4.0683933e+001
  4.1213083e+001  4.3706919e+001
  5.1811624e+001  3.4594997e+001
  6.3932963e+001  3.0028860e+001
  8.2122887e+001  2.8485709e+001
  9.5771549e+001  3.1497388e+001
  1.5791235e+002  2.0792565e+001
  1.7610002e+002  1.7733399e+001
  1.9581048e+002  1.9220017e+001
  2.0491562e+002  2.5270511e+001
  2.1250700e+002  3.2839281e+001
  2.0947949e+002  3.5875835e+001
  2.0341091e+002  3.2852849e+001
  1.9279654e+002  3.1352663e+001
  1.7611585e+002  2.8345507e+001
  1.5944194e+002  2.9886397e+001
  1.1854570e+002  5.4203699e+001
  1.1857736e+002  7.5427916e+001
  1.1101990e+002  9.0599377e+001
  9.7391585e+001  1.0123184e+002
  1.0044849e+002  1.1790348e+002
  1.2167271e+002  1.1787183e+002
  1.3834888e+002  1.1784695e+002
  1.5805934e+002  1.1933357e+002
  1.6107102e+002  1.0568491e+002
  1.4892028e+002  9.0542844e+001
  1.4131759e+002  7.5393996e+001
  1.3976992e+002  5.4172041e+001
  8.0787778e+001  1.4976921e+002
  9.8973179e+001  1.4519402e+002
  1.1564257e+002  1.4062110e+002
  1.2777295e+002  1.4211903e+002
  1.3989881e+002  1.4058492e+002
  1.5657951e+002  1.4359208e+002
  1.7023495e+002  1.5115180e+002
  1.5660890e+002  1.6330028e+002
  1.4448530e+002  1.6635040e+002
  1.2781139e+002  1.6789129e+002
  1.1113296e+002  1.6640015e+002
  9.8998054e+001  1.6187019e+002
  9.4436439e+001  1.5278088e+002
  1.0959433e+002  1.5124226e+002
  1.2778878e+002  1.5273113e+002
  1.4294667e+002  1.5119251e+002
  1.6265940e+002  1.5419514e+002
  1.4295120e+002  1.5422454e+002
  1.2779330e+002  1.5576317e+002
  1.0959886e+002  1.5427429e+002
  1.8484158e+001  5.1320916e+001
  1.2465323e+001  8.1650270e+001
  1.4022042e+001  1.0893629e+002
  1.8610792e+001  1.3621778e+002
  2.4713297e+001  1.6198100e+002
  3.6877601e+001  1.8621916e+002
  5.5101445e+001  2.0741624e+002
  7.6350536e+001  2.2406075e+002
  1.0062487e+002  2.3615269e+002
  1.2791994e+002  2.4066003e+002
  1.5368768e+002  2.3758956e+002
  1.7792809e+002  2.2694127e+002
  1.9760916e+002  2.0871969e+002
  2.1576969e+002  1.8746833e+002
  2.2634561e+002  1.6319626e+002
  2.3236671e+002  1.3438292e+002
  2.3384428e+002  1.0860840e+002
  2.3380132e+002  7.9804102e+001
  2.3073310e+002  5.5552377e+001
