  9.9210926e+001  5.9030041e+001
  9.0086309e+001  5.1539012e+001
  7.9472365e+001  4.7082123e+001
  6.7402382e+001  5.0193942e+001
  5.5365690e+001  5.7840327e+001
  6.7480060e+001  6.0774596e+001
  7.9583333e+001  6.2197344e+001
  8.8641368e+001  6.0619241e+001
  1.5967181e+002  5.8586167e+001
  1.6867436e+002  4.9450454e+001
  1.7923282e+002  4.6349732e+001
  1.8983567e+002  4.9295098e+001
  1.9894919e+002  5.5274605e+001
  1.8991334e+002  5.9875752e+001
  1.8085531e+002  6.1453855e+001
  1.6875204e+002  6.0031108e+001
  1.0651331e+002  2.4209549e+001
  8.2295665e+001  1.9852533e+001
  6.1112163e+001  1.6984844e+001
  4.1551151e+001  2.9221280e+001
  3.2548600e+001  3.8356993e+001
  3.8616882e+001  4.1335650e+001
  4.9153149e+001  3.5211884e+001
  6.2723557e+001  3.0577446e+001
  7.9350299e+001  3.0455381e+001
  1.0659099e+002  3.4790204e+001
  1.5338159e+002  2.5377069e+001
  1.6997504e+002  2.0720438e+001
  2.0017219e+002  1.5963935e+001
  2.1083052e+002  2.6466912e+001
  2.1540948e+002  3.2479709e+001
  2.1240863e+002  3.5524947e+001
  2.0634035e+002  3.2546290e+001
  1.9876054e+002  2.9578730e+001
  1.7307576e+002  3.1278899e+001
  1.5497079e+002  3.5946627e+001
  1.1882742e+002  5.4351216e+001
  1.1896058e+002  7.2489480e+001
  1.1153614e+002  9.0683229e+001
  9.9554928e+001  1.0588722e+002
  1.0418937e+002  1.1945763e+002
  1.2531738e+002  1.1476771e+002
  1.3740956e+002  1.1467894e+002
  1.6162720e+002  1.1903595e+002
  1.6302776e+002  1.0390963e+002
  1.5083571e+002  9.0394711e+001
  1.4465646e+002  7.2300834e+001
  1.4301178e+002  5.4173666e+001
  8.6317425e+001  1.5586732e+002
  1.0287759e+002  1.4667613e+002
  1.1643690e+002  1.4053017e+002
  1.3006279e+002  1.4345334e+002
  1.4215497e+002  1.4336456e+002
  1.5278001e+002  1.4933297e+002
  1.6949552e+002  1.6130309e+002
  1.5593621e+002  1.6744905e+002
  1.4386623e+002  1.7056086e+002
  1.3027363e+002  1.7217226e+002
  1.1514731e+002  1.7077170e+002
  1.0301075e+002  1.6481439e+002
  9.8420698e+001  1.5729007e+002
  1.1353592e+002  1.5717910e+002
  1.3016266e+002  1.5705704e+002
  1.4527788e+002  1.5694607e+002
  1.5739225e+002  1.5988034e+002
  1.4527788e+002  1.5694607e+002
  1.3016266e+002  1.5705704e+002
  1.1353592e+002  1.5717910e+002
  1.1509357e+001  5.5139091e+001
  5.6408180e+000  7.9367831e+001
  5.8405610e+000  1.0657523e+002
  9.0633480e+000  1.3376043e+002
  1.6809605e+001  1.5940082e+002
  3.0590853e+001  1.8348530e+002
  4.8873376e+001  2.0300193e+002
  7.3157600e+001  2.1642808e+002
  1.0042048e+002  2.2378594e+002
  1.2767227e+002  2.2963229e+002
  1.5334595e+002  2.2642060e+002
  1.7747482e+002  2.1868544e+002
  1.9851406e+002  2.0190334e+002
  2.1195130e+002  1.7913064e+002
  2.1933137e+002  1.5489080e+002
  2.2367729e+002  1.2916164e+002
  2.3105735e+002  1.0492180e+002
  2.3238022e+002  7.9214827e+001
  2.2615658e+002  5.5074862e+001
