  1.0140924e+002  5.6728924e+001
  8.9548864e+001  4.5844570e+001
  7.6031120e+001  4.0980056e+001
  6.2334076e+001  4.3685165e+001
  5.1521442e+001  5.2517695e+001
  6.2011336e+001  5.7310489e+001
  7.4086875e+001  5.9111294e+001
  8.6198274e+001  5.9398174e+001
  1.5291855e+002  5.6434239e+001
  1.6070333e+002  4.7529990e+001
  1.7749995e+002  4.1868750e+001
  1.9249576e+002  4.8283049e+001
  2.0291393e+002  5.6103694e+001
  1.9065909e+002  6.1872513e+001
  1.7699791e+002  6.3063698e+001
  1.6340844e+002  6.1227034e+001
  1.0508257e+002  2.9549996e+001
  9.0230204e+001  1.7079997e+001
  5.5481652e+001  1.3227368e+001
  4.1641168e+001  2.1988177e+001
  3.0792674e+001  3.2334631e+001
  3.2199019e+001  3.6912266e+001
  4.9067352e+001  2.8223177e+001
  6.4314181e+001  2.4040002e+001
  8.3923484e+001  2.7534032e+001
  1.0187542e+002  3.7047901e+001
  1.4761591e+002  2.4498376e+001
  1.6448424e+002  1.5809287e+001
  1.9930452e+002  1.6634067e+001
  2.1419274e+002  2.7590141e+001
  2.2158307e+002  3.5339065e+001
  2.1848350e+002  3.8295195e+001
  2.0954339e+002  3.2024336e+001
  1.9606151e+002  2.5645896e+001
  1.6722521e+002  2.7992406e+001
  1.5197838e+002  3.2175581e+001
  1.1517801e+002  5.0995965e+001
  1.1622575e+002  7.0712848e+001
  1.0966801e+002  9.1764356e+001
  9.8783659e+001  1.0362474e+002
  1.0437318e+002  1.2344920e+002
  1.2099049e+002  1.2535758e+002
  1.3767953e+002  1.2423812e+002
  1.5130485e+002  1.2456086e+002
  1.5631280e+002  1.0498742e+002
  1.4308194e+002  8.8011502e+001
  1.3742070e+002  7.1214888e+001
  1.3788688e+002  5.1533864e+001
  9.1329420e+001  1.6252437e+002
  1.0354840e+002  1.5826947e+002
  1.1580324e+002  1.5250065e+002
  1.2784292e+002  1.5581538e+002
  1.3854797e+002  1.5152463e+002
  1.5509356e+002  1.5646086e+002
  1.6713324e+002  1.5977559e+002
  1.5325690e+002  1.7005032e+002
  1.4258771e+002  1.7282716e+002
  1.2737674e+002  1.7549641e+002
  1.1375141e+002  1.7517367e+002
  1.0326152e+002  1.7038087e+002
  1.0189103e+002  1.6428931e+002
  1.1558808e+002  1.6158420e+002
  1.2769948e+002  1.6187108e+002
  1.4136066e+002  1.6067990e+002
  1.5646405e+002  1.6255242e+002
  1.4128894e+002  1.6370775e+002
  1.2762776e+002  1.6489893e+002
  1.1551636e+002  1.6461205e+002
  1.9764880e+001  5.0250710e+001
  1.9155260e+001  7.5987433e+001
  2.1537630e+001  1.0330980e+002
  2.5505645e+001  1.2764018e+002
  3.0951724e+001  1.5352034e+002
  4.2489363e+001  1.7803002e+002
  6.0226142e+001  1.9662744e+002
  8.2612275e+001  2.1079066e+002
  1.0503427e+002  2.2343996e+002
  1.3066341e+002  2.2859136e+002
  1.5499379e+002  2.2462334e+002
  1.7654734e+002  2.0998613e+002
  1.9658696e+002  1.9531306e+002
  2.1064261e+002  1.7746870e+002
  2.2181384e+002  1.5349693e+002
  2.2692937e+002  1.2938171e+002
  2.3049512e+002  1.0674456e+002
  2.3261867e+002  8.1043692e+001
  2.3319243e+002  5.6820894e+001
