  1.0153306e+002  5.7563699e+001
  9.2245663e+001  4.7093506e+001
  7.8533634e+001  4.4289788e+001
  6.3406859e+001  4.7583168e+001
  5.2936666e+001  5.6870560e+001
  6.3613032e+001  5.9725822e+001
  7.8842894e+001  6.2503769e+001
  9.0959776e+001  6.0779764e+001
  1.5614923e+002  5.5118088e+001
  1.6659365e+002  4.4312864e+001
  1.8020259e+002  4.1045256e+001
  1.9394039e+002  4.5366806e+001
  2.0322779e+002  5.5836999e+001
  1.9265451e+002  5.9053064e+001
  1.8053762e+002  6.0777069e+001
  1.6836920e+002  5.9465410e+001
  1.0559689e+002  2.8647580e+001
  8.5761990e+001  2.2911284e+001
  6.1425138e+001  2.0287967e+001
  4.1770639e+001  2.5176494e+001
  3.1351990e+001  3.7499550e+001
  3.9018464e+001  4.1924187e+001
  4.6478765e+001  3.4206170e+001
  6.3123371e+001  3.0887018e+001
  8.4398788e+001  3.2044047e+001
  1.0269009e+002  3.6288282e+001
  1.4801887e+002  2.3372479e+001
  1.7073480e+002  1.9950240e+001
  1.9504588e+002  2.1055726e+001
  2.1035306e+002  2.8387168e+001
  2.2267611e+002  3.8805818e+001
  2.1817416e+002  4.1918796e+001
  2.0742048e+002  3.4510039e+001
  1.9213907e+002  2.8696428e+001
  1.7088943e+002  2.9057231e+001
  1.4969133e+002  3.2453698e+001
  1.1511623e+002  5.2778259e+001
  1.1398497e+002  7.5571508e+001
  1.0667930e+002  9.2396516e+001
  9.7778481e+001  1.0469380e+002
  1.0256392e+002  1.1827697e+002
  1.1771647e+002  1.1650142e+002
  1.3137695e+002  1.1626948e+002
  1.5116031e+002  1.1897011e+002
  1.5396403e+002  1.0525808e+002
  1.4465087e+002  9.3270056e+001
  1.3677822e+002  7.6702765e+001
  1.3484804e+002  5.2443228e+001
  8.4942688e+001  1.5349636e+002
  9.8448544e+001  1.4415743e+002
  1.1349800e+002  1.3631055e+002
  1.2571797e+002  1.4065787e+002
  1.3629125e+002  1.3744181e+002
  1.5311626e+002  1.4474748e+002
  1.6541355e+002  1.5364830e+002
  1.5038986e+002  1.6301300e+002
  1.3986812e+002  1.6926473e+002
  1.2623341e+002  1.7101451e+002
  1.1102932e+002  1.6975439e+002
  9.8783575e+001  1.6388924e+002
  9.1014015e+001  1.5339328e+002
  1.0920223e+002  1.5156618e+002
  1.2440632e+002  1.5282630e+002
  1.4259453e+002  1.5099921e+002
  1.5785016e+002  1.5529499e+002
  1.4264607e+002  1.5403487e+002
  1.2443209e+002  1.5434413e+002
  1.0922800e+002  1.5308402e+002
  2.2502715e+001  5.2832497e+001
  1.8438881e+001  8.1748617e+001
  2.1938435e+001  1.0901805e+002
  2.3945928e+001  1.3783108e+002
  2.8963313e+001  1.6507474e+002
  4.0000481e+001  1.8917964e+002
  5.7005891e+001  2.0711014e+002
  7.8513253e+001  2.2192765e+002
  1.0143536e+002  2.3064807e+002
  1.2731582e+002  2.3476344e+002
  1.5455947e+002  2.2974606e+002
  1.8020798e+002  2.2020095e+002
  2.0426135e+002  2.0612812e+002
  2.2062247e+002  1.8611282e+002
  2.3083494e+002  1.6164711e+002
  2.3492455e+002  1.3424882e+002
  2.3754787e+002  1.0991197e+002
  2.4163747e+002  8.2513680e+001
  2.3656854e+002  5.2234359e+001
