  1.0460804e+002  5.7255430e+001
  9.4172760e+001  4.8156172e+001
  7.9181478e+001  4.5025394e+001
  6.8644257e+001  4.7939550e+001
  5.9570485e+001  5.5371478e+001
  6.8529574e+001  6.1454640e+001
  7.9028568e+001  6.3045514e+001
  9.2556400e+001  6.1658520e+001
  1.5566505e+002  5.7688675e+001
  1.6473882e+002  5.0256747e+001
  1.7829214e+002  4.5866399e+001
  1.9178174e+002  4.8984435e+001
  2.0221702e+002  5.8083692e+001
  1.9165432e+002  6.4001201e+001
  1.7662481e+002  6.5375453e+001
  1.6463688e+002  6.2270160e+001
  1.1095879e+002  1.6761131e+001
  7.7947394e+001  1.3477442e+001
  5.6898436e+001  1.6302401e+001
  4.4808568e+001  2.5210520e+001
  3.2680473e+001  3.8623670e+001
  3.5645598e+001  4.3154185e+001
  4.7748209e+001  3.2744389e+001
  5.9812592e+001  2.6839622e+001
  7.9347131e+001  2.5503598e+001
  1.0785350e+002  2.8749059e+001
  1.5450742e+002  1.7130663e+001
  1.7556912e+002  1.2804028e+001
  1.9958320e+002  1.4509585e+001
  2.1454900e+002  2.0643717e+001
  2.1746315e+002  3.1180938e+001
  2.1294538e+002  3.2644387e+001
  2.0698965e+002  2.6586711e+001
  1.9800507e+002  2.3506902e+001
  1.7696885e+002  2.4830184e+001
  1.5440548e+002  2.9144076e+001
  1.1665968e+002  5.2852340e+001
  1.1650677e+002  7.0872459e+001
  1.1335051e+002  8.8867094e+001
  1.0268586e+002  1.0679802e+002
  1.0403463e+002  1.2483088e+002
  1.1907688e+002  1.2195495e+002
  1.3859868e+002  1.2212060e+002
  1.5207554e+002  1.2674032e+002
  1.5674622e+002  1.0725675e+002
  1.4337130e+002  9.0623621e+001
  1.4053360e+002  7.1076340e+001
  1.4068651e+002  5.3056220e+001
  8.8699300e+001  1.6224537e+002
  1.0227810e+002  1.5485167e+002
  1.1434249e+002  1.4894690e+002
  1.2784483e+002  1.5056326e+002
  1.4137266e+002  1.4917627e+002
  1.5483678e+002  1.5529766e+002
  1.6830090e+002  1.6141905e+002
  1.5771271e+002  1.7033991e+002
  1.4414665e+002  1.7623193e+002
  1.2761547e+002  1.7759344e+002
  1.1560205e+002  1.7749150e+002
  1.0064900e+002  1.6985569e+002
  1.0222713e+002  1.6085838e+002
  1.1576771e+002  1.5796970e+002
  1.2927005e+002  1.5958606e+002
  1.4429956e+002  1.5821181e+002
  1.5628749e+002  1.6131711e+002
  1.4424859e+002  1.6421852e+002
  1.2923183e+002  1.6409109e+002
  1.1571674e+002  1.6397641e+002
  1.7549024e+001  5.2011335e+001
  1.1338437e+001  7.5987191e+001
  1.1096330e+001  1.0451905e+002
  1.9864282e+001  1.3312736e+002
  2.8683204e+001  1.5572896e+002
  4.0492737e+001  1.7985773e+002
  5.6845528e+001  1.9951969e+002
  7.7741576e+001  2.1471485e+002
  1.0166646e+002  2.2693215e+002
  1.2865841e+002  2.3166654e+002
  1.5423789e+002  2.2587646e+002
  1.7538878e+002  2.1103809e+002
  1.9204739e+002  1.9465981e+002
  2.0273753e+002  1.7372554e+002
  2.1192598e+002  1.5277852e+002
  2.1963824e+002  1.2881540e+002
  2.2284548e+002  1.0481406e+002
  2.2456378e+002  7.9298303e+001
  2.2476766e+002  5.5271477e+001
