  1.0351077e+002  5.7132796e+001
  9.2999549e+001  4.6436930e+001
  7.9405987e+001  4.1773855e+001
  6.5733291e+001  4.6199532e+001
  5.6591783e+001  5.2179568e+001
  6.7142573e+001  5.8331058e+001
  7.9247721e+001  5.9951360e+001
  9.1366058e+001  6.0056870e+001
  1.5201050e+002  5.4525254e+001
  1.6420797e+002  4.5542011e+001
  1.7633949e+002  4.4132729e+001
  1.8844464e+002  4.5753032e+001
  1.9898224e+002  5.3419314e+001
  1.8985392e+002  5.7884557e+001
  1.7772240e+002  5.9293839e+001
  1.6410246e+002  5.7660348e+001
  1.0837168e+002  2.0817352e+001
  8.8745326e+001  1.3071937e+001
  6.6023445e+001  1.2874105e+001
  5.0809579e+001  2.0316178e+001
  3.8572543e+001  3.3843797e+001
  4.4565768e+001  4.1470513e+001
  5.5235257e+001  3.3988874e+001
  7.1950725e+001  2.8074782e+001
  8.8626627e+001  2.6705066e+001
  1.0526296e+002  2.9879727e+001
  1.4928426e+002  1.9658657e+001
  1.6748814e+002  1.6787339e+001
  1.8719363e+002  1.5444001e+001
  2.0381677e+002  2.0133454e+001
  2.1285277e+002  2.6271755e+001
  2.0977043e+002  3.2304546e+001
  2.0069487e+002  3.0710621e+001
  1.8706174e+002  3.0591922e+001
  1.7039902e+002  3.0446845e+001
  1.5370993e+002  3.3331353e+001
  1.1569505e+002  4.9664346e+001
  1.1548403e+002  7.3901020e+001
  1.0925341e+002  9.3540562e+001
  9.6989996e+001  1.1009777e+002
  1.0136292e+002  1.2982963e+002
  1.2110797e+002  1.2394191e+002
  1.3322631e+002  1.2404743e+002
  1.5290542e+002  1.2573367e+002
  1.5455210e+002  1.1059894e+002
  1.4256565e+002  9.5345508e+001
  1.3669112e+002  7.4085663e+001
  1.3537416e+002  5.1350593e+001
  8.5938033e+001  1.6150838e+002
  9.9650295e+001  1.5253832e+002
  1.1485097e+002  1.4661104e+002
  1.2694293e+002  1.4974614e+002
  1.3908765e+002  1.4682206e+002
  1.5418281e+002  1.5301312e+002
  1.7230756e+002  1.5923055e+002
  1.5557890e+002  1.6665944e+002
  1.4189302e+002  1.7259991e+002
  1.2825989e+002  1.7248121e+002
  1.1462676e+002  1.7236251e+002
  9.9518407e+001  1.6768624e+002
  9.6541578e+001  1.6160070e+002
  1.1324386e+002  1.5720140e+002
  1.2839178e+002  1.5733328e+002
  1.4656928e+002  1.5749155e+002
  1.6017604e+002  1.6063983e+002
  1.4652972e+002  1.6203593e+002
  1.2835221e+002  1.6187766e+002
  1.1320429e+002  1.6174577e+002
  2.0263150e+001  4.8833452e+001
  1.6996168e+001  7.6073333e+001
  1.9788354e+001  1.0336597e+002
  2.2580540e+001  1.3065860e+002
  2.6887518e+001  1.5796443e+002
  3.7280042e+001  1.8229342e+002
  5.5272904e+001  2.0365878e+002
  7.4833314e+001  2.1897815e+002
  1.0046608e+002  2.3283549e+002
  1.2920756e+002  2.3763046e+002
  1.5499860e+002  2.3331029e+002
  1.7785237e+002  2.1836020e+002
  1.9768974e+002  2.0186894e+002
  2.1452391e+002  1.8232172e+002
  2.2535166e+002  1.5666258e+002
  2.2859227e+002  1.3245228e+002
  2.3034446e+002  1.0519921e+002
  2.3209665e+002  7.7946141e+001
  2.2927808e+002  5.3683090e+001
