  9.8233953e+001  5.4756945e+001
  8.9213882e+001  4.5689501e+001
  7.7163435e+001  4.2643334e+001
  6.3589903e+001  4.5622390e+001
  5.6037648e+001  5.1631823e+001
  6.3558321e+001  5.7680733e+001
  7.5608769e+001  6.0726901e+001
  8.7667112e+001  6.0758482e+001
  1.5852962e+002  5.3407562e+001
  1.6608582e+002  4.5890836e+001
  1.7815601e+002  4.1400539e+001
  1.9171769e+002  4.2943361e+001
  1.9923047e+002  5.2006857e+001
  1.9318551e+002  5.8020238e+001
  1.8111927e+002  6.1003242e+001
  1.6906882e+002  5.7957074e+001
  1.0583358e+002  3.0659997e+001
  8.6262460e+001  2.1564920e+001
  5.7639686e+001  1.5460741e+001
  4.2543071e+001  2.4465021e+001
  3.1960439e+001  3.6495730e+001
  3.7969872e+001  4.4047985e+001
  4.8548556e+001  3.3524569e+001
  5.9115397e+001  2.7523032e+001
  8.0205655e+001  3.2100179e+001
  1.0279926e+002  3.8188566e+001
  1.4503109e+002  2.7748053e+001
  1.7067481e+002  2.0278700e+001
  1.9330394e+002  1.2801451e+001
  2.0986837e+002  1.8874048e+001
  2.1888844e+002  2.7941492e+001
  2.1586202e+002  3.2455475e+001
  2.0833739e+002  2.7913858e+001
  1.9326841e+002  2.6367087e+001
  1.7215842e+002  2.9326405e+001
  1.4952534e+002  3.8310946e+001
  1.1482602e+002  5.0278491e+001
  1.1325951e+002  7.2883937e+001
  1.0415259e+002  9.6976937e+001
  9.5065406e+001  1.1353347e+002
  9.9543859e+001  1.3012554e+002
  1.1612013e+002  1.3167626e+002
  1.3421160e+002  1.3021633e+002
  1.5682889e+002  1.2726097e+002
  1.5687231e+002  1.1068074e+002
  1.4787198e+002  9.4076836e+001
  1.3888349e+002  7.2951049e+001
  1.3743541e+002  5.0337707e+001
  8.8902011e+001  1.6476564e+002
  1.0097615e+002  1.5876805e+002
  1.1305028e+002  1.5277046e+002
  1.2509678e+002  1.5732392e+002
  1.3716697e+002  1.5283362e+002
  1.5072471e+002  1.5588374e+002
  1.6427455e+002  1.6194844e+002
  1.5220042e+002  1.6794603e+002
  1.3861504e+002  1.7544697e+002
  1.2655275e+002  1.7692268e+002
  1.1299106e+002  1.7537985e+002
  1.0094456e+002  1.7082639e+002
  9.9453062e+001  1.6479327e+002
  1.1151930e+002  1.6181027e+002
  1.2658828e+002  1.6335704e+002
  1.4166516e+002  1.6188923e+002
  1.5070891e+002  1.6191291e+002
  1.4166516e+002  1.6188923e+002
  1.2658828e+002  1.6335704e+002
  1.1151930e+002  1.6181027e+002
  2.4392392e+001  4.8534335e+001
  2.1314643e+001  7.2643125e+001
  2.4262117e+001  9.8275000e+001
  3.0224177e+001  1.2391477e+002
  3.6190185e+001  1.4804725e+002
  4.3667434e+001  1.7067638e+002
  5.8689042e+001  1.9031066e+002
  7.9747717e+001  2.0694616e+002
  1.0081429e+002  2.2056706e+002
  1.2642248e+002  2.2666334e+002
  1.5206225e+002  2.2070128e+002
  1.7470322e+002  2.0870216e+002
  1.9734814e+002  1.9519574e+002
  2.1548303e+002  1.7715559e+002
  2.2760454e+002  1.5307049e+002
  2.3369688e+002  1.2896959e+002
  2.3979316e+002  1.0336141e+002
  2.4136756e+002  7.7741373e+001
  2.4143467e+002  5.2117394e+001
