  1.0172422e+002  5.5513200e+001
  8.9617967e+001  4.5002800e+001
  7.6032780e+001  4.2039077e+001
  6.2470975e+001  4.5108018e+001
  5.3451205e+001  5.2683922e+001
  6.2517739e+001  5.7173348e+001
  7.6102926e+001  6.0137071e+001
  8.9670576e+001  5.8576296e+001
  1.5300771e+002  5.6822622e+001
  1.6201579e+002  4.6230386e+001
  1.7557175e+002  4.1653278e+001
  1.9065926e+002  4.3102990e+001
  2.0125150e+002  5.2111069e+001
  1.9222003e+002  5.6670641e+001
  1.7715006e+002  5.9745427e+001
  1.6357072e+002  5.8289870e+001
  1.1067384e+002  2.9839302e+001
  8.4994096e+001  1.9381511e+001
  5.9343580e+001  1.6464551e+001
  4.1274812e+001  2.4075527e+001
  3.2266733e+001  3.4667763e+001
  3.6808768e+001  3.9174726e+001
  4.5834383e+001  3.3106988e+001
  6.3908996e+001  2.7004178e+001
  8.2012836e+001  2.8442199e+001
  1.0918906e+002  3.5877812e+001
  1.4684060e+002  2.2158181e+001
  1.7094788e+002  1.6031989e+001
  1.9506685e+002  1.2922129e+001
  2.1018943e+002  2.3420839e+001
  2.2078167e+002  3.2428918e+001
  2.1628639e+002  3.9987285e+001
  2.0419184e+002  3.2493218e+001
  1.9210313e+002  2.6507316e+001
  1.7401098e+002  2.8085628e+001
  1.5141186e+002  3.4205974e+001
  1.1678834e+002  5.0930247e+001
  1.1689356e+002  7.8077239e+001
  1.1092519e+002  9.4690449e+001
  9.8918318e+001  1.0981888e+002
  1.0200480e+002  1.2790518e+002
  1.2161096e+002  1.2782919e+002
  1.4121712e+002  1.2775320e+002
  1.6080574e+002  1.2315271e+002
  1.6224961e+002  1.0655703e+002
  1.4711534e+002  9.3041993e+001
  1.4101837e+002  7.6475546e+001
  1.3790267e+002  5.0848411e+001
  8.5531876e+001  1.5813280e+002
  9.9093681e+001  1.5506386e+002
  1.1716829e+002  1.4896105e+002
  1.2923947e+002  1.5042245e+002
  1.4280712e+002  1.4886168e+002
  1.5488414e+002  1.5183125e+002
  1.6696116e+002  1.5480082e+002
  1.5645076e+002  1.6690706e+002
  1.3990185e+002  1.7752853e+002
  1.2784237e+002  1.7908346e+002
  1.1426303e+002  1.7762790e+002
  9.9152135e+001  1.7014552e+002
  9.7608897e+001  1.6110237e+002
  1.0966254e+002  1.5803928e+002
  1.2927454e+002  1.5947145e+002
  1.4585268e+002  1.5639082e+002
  1.5641569e+002  1.5785807e+002
  1.4737838e+002  1.6090947e+002
  1.2929792e+002  1.6550412e+002
  1.0968592e+002  1.6407194e+002
  1.8757537e+001  5.1310200e+001
  1.5840577e+001  7.6960717e+001
  2.0464448e+001  1.0258201e+002
  2.5088319e+001  1.2820330e+002
  3.1214510e+001  1.5231057e+002
  4.1865201e+001  1.7640032e+002
  6.0039186e+001  1.9593633e+002
  7.9703801e+001  2.1094200e+002
  1.0087658e+002  2.2594183e+002
  1.2654464e+002  2.3338329e+002
  1.5216592e+002  2.2875942e+002
  1.7171948e+002  2.1510993e+002
  1.9126134e+002  1.9844411e+002
  2.0928919e+002  1.8027597e+002
  2.2126684e+002  1.5760671e+002
  2.2870245e+002  1.3043050e+002
  2.3161941e+002  1.0477998e+002
  2.3452468e+002  7.6113129e+001
  2.3141482e+002  5.1994161e+001
