  9.7372767e+001  5.6194141e+001
  8.8285475e+001  5.0141983e+001
  7.6171407e+001  4.7119387e+001
  6.4060125e+001  5.0153128e+001
  5.6493186e+001  5.7727033e+001
  6.4065697e+001  6.2265803e+001
  7.6178372e+001  6.2260231e+001
  8.9804435e+001  6.0739877e+001
  1.5490867e+002  5.7681757e+001
  1.6550448e+002  5.1620544e+001
  1.7912914e+002  4.7072022e+001
  1.9124321e+002  5.0094618e+001
  2.0033050e+002  5.6146776e+001
  1.9124809e+002  6.0693209e+001
  1.7913611e+002  6.2212865e+001
  1.6550865e+002  6.0705050e+001
  1.0341517e+002  2.5909668e+001
  8.2213813e+001  1.6834913e+001
  6.2528627e+001  1.2301715e+001
  4.8905350e+001  1.9878406e+001
  4.1339804e+001  3.0480479e+001
  4.2855978e+001  3.5022036e+001
  5.1937698e+001  2.8961519e+001
  6.2534896e+001  2.5928474e+001
  7.9190520e+001  2.7434897e+001
  1.0039118e+002  3.4995567e+001
  1.4883631e+002  2.2860602e+001
  1.6851662e+002  1.6795210e+001
  1.9274058e+002  1.3755896e+001
  2.0788421e+002  1.9805268e+001
  2.1545811e+002  2.7372207e+001
  2.1243204e+002  3.1915854e+001
  2.0334474e+002  2.5863695e+001
  1.9274476e+002  2.2840403e+001
  1.7003489e+002  2.5879020e+001
  1.5186936e+002  3.3457800e+001
  1.1251292e+002  5.4673092e+001
  1.1252197e+002  7.4356188e+001
  1.0647329e+002  9.1013903e+001
  1.0193731e+002  1.0464275e+002
  1.0497175e+002  1.1826812e+002
  1.1708233e+002  1.1372029e+002
  1.3525135e+002  1.1371193e+002
  1.4888019e+002  1.1824792e+002
  1.5341688e+002  1.0613315e+002
  1.4735288e+002  8.9481012e+001
  1.3977549e+002  7.4343651e+001
  1.3825235e+002  5.4661250e+001
  8.9851104e+001  1.6218353e+002
  1.0044482e+002  1.5158006e+002
  1.1255401e+002  1.4400407e+002
  1.2769625e+002  1.4702527e+002
  1.4132161e+002  1.4399084e+002
  1.5343707e+002  1.5004160e+002
  1.6555463e+002  1.6063462e+002
  1.5344543e+002  1.6821061e+002
  1.3982007e+002  1.7124505e+002
  1.2619331e+002  1.7125132e+002
  1.1256655e+002  1.7125759e+002
  1.0045318e+002  1.6974908e+002
  9.8934913e+001  1.6066527e+002
  1.1407367e+002  1.5611605e+002
  1.2770043e+002  1.5610978e+002
  1.4435536e+002  1.5610212e+002
  1.5949829e+002  1.6063741e+002
  1.4435675e+002  1.5913029e+002
  1.2770182e+002  1.5913795e+002
  1.1407506e+002  1.5914422e+002
  2.4695324e+001  5.3199407e+001
  2.3193081e+001  7.8939538e+001
  2.4719007e+001  1.0467828e+002
  2.7759713e+001  1.3193040e+002
  3.2314504e+001  1.5918183e+002
  3.9896071e+001  1.8340370e+002
  5.5047363e+001  2.0610800e+002
  7.6251510e+001  2.2123909e+002
  1.0048174e+002  2.3182654e+002
  1.2773734e+002  2.3635625e+002
  1.5195991e+002  2.3028877e+002
  1.7618038e+002  2.1967903e+002
  1.9888538e+002  2.0604183e+002
  2.1553055e+002  1.8483698e+002
  2.2460461e+002  1.6212154e+002
  2.3064841e+002  1.3486523e+002
  2.3517882e+002  1.0912371e+002
  2.3668037e+002  8.1869493e+001
  2.3061219e+002  5.6132845e+001
