  9.7627141e+001  5.9735352e+001
  8.7130062e+001  5.2006783e+001
  7.5052360e+001  4.8801897e+001
  6.2887382e+001  5.1657681e+001
  5.3665463e+001  6.0617773e+001
  6.4227998e+001  6.3800840e+001
  7.7864506e+001  6.3997210e+001
  8.8492498e+001  6.2634774e+001
  1.5671867e+002  6.0586289e+001
  1.6743394e+002  5.3163183e+001
  1.8111409e+002  5.0329218e+001
  1.9470696e+002  5.3555923e+001
  2.0217370e+002  6.1240855e+001
  1.9301724e+002  6.5655444e+001
  1.8089590e+002  6.5480893e+001
  1.6728121e+002  6.3769356e+001
  9.8128975e+001  2.4886499e+001
  8.0012421e+001  2.0079170e+001
  5.1246056e+001  1.8149443e+001
  3.7500454e+001  2.5528911e+001
  3.1330690e+001  3.3017474e+001
  3.4295568e+001  3.7606614e+001
  4.3430211e+001  3.4707192e+001
  5.5595189e+001  3.1851408e+001
  7.8322702e+001  3.2178691e+001
  9.6439256e+001  3.6986020e+001
  1.5425563e+002  2.1148294e+001
  1.7096611e+002  1.8357967e+001
  1.9979793e+002  1.5742190e+001
  2.1484051e+002  2.3536217e+001
  2.2380061e+002  3.2758136e+001
  2.1918965e+002  3.7238182e+001
  2.1018592e+002  3.1046598e+001
  1.9351907e+002  3.0806590e+001
  1.7228491e+002  3.2016294e+001
  1.5708960e+002  3.4828440e+001
  1.1130729e+002  5.6901387e+001
  1.1256063e+002  7.5105217e+001
  1.0625995e+002  9.1684784e+001
  9.3920421e+001  1.0666191e+002
  9.8313191e+001  1.1733354e+002
  1.1801037e+002  1.1761718e+002
  1.3164688e+002  1.1781355e+002
  1.5591138e+002  1.1664749e+002
  1.5760110e+002  1.0454797e+002
  1.4565431e+002  9.2252075e+001
  1.3831848e+002  7.5476138e+001
  1.3858030e+002  5.7294127e+001
  8.1122695e+001  1.5345755e+002
  9.4868298e+001  1.4607808e+002
  1.1162242e+002  1.4025742e+002
  1.2675227e+002  1.4199078e+002
  1.4041060e+002  1.4067198e+002
  1.5095132e+002  1.4537022e+002
  1.7352610e+002  1.5630367e+002
  1.5677198e+002  1.6212433e+002
  1.4155485e+002  1.6645165e+002
  1.2640317e+002  1.6623346e+002
  1.0973633e+002  1.6599345e+002
  9.7680444e+001  1.6127340e+002
  9.0213701e+001  1.5358847e+002
  1.0846117e+002  1.4930479e+002
  1.2664318e+002  1.4956662e+002
  1.4328820e+002  1.5132179e+002
  1.6140476e+002  1.5612912e+002
  1.4324456e+002  1.5435213e+002
  1.2657772e+002  1.5411212e+002
  1.0841753e+002  1.5233512e+002
  2.4986374e+001  5.2627376e+001
  2.0048132e+001  7.9834936e+001
  2.2685727e+001  1.0715159e+002
  2.5345141e+001  1.3295308e+002
  2.9519723e+001  1.5877638e+002
  3.9776794e+001  1.8317179e+002
  5.6159992e+001  2.0310898e+002
  8.0228121e+001  2.1557942e+002
  1.0438353e+002  2.2198919e+002
  1.2862621e+002  2.2233830e+002
  1.5589922e+002  2.2273103e+002
  1.8170071e+002  2.2007162e+002
  2.0761129e+002  2.0983637e+002
  2.2309025e+002  1.8732705e+002
  2.3103701e+002  1.6167829e+002
  2.3290128e+002  1.3745743e+002
  2.3937651e+002  1.0875652e+002
  2.4124078e+002  8.4535659e+001
  2.3858136e+002  5.8734173e+001
