  9.9634312e+001  5.6597015e+001
  8.8942032e+001  4.7550782e+001
  7.6769714e+001  4.4590708e+001
  6.4626692e+001  4.6187930e+001
  5.2522732e+001  5.3861544e+001
  6.3185717e+001  5.8350482e+001
  7.6867367e+001  5.9781692e+001
  8.9010389e+001  5.8184471e+001
  1.5736005e+002  5.6225932e+001
  1.6641605e+002  4.7052749e+001
  1.8005864e+002  4.2407566e+001
  1.9375005e+002  4.5357875e+001
  2.0748053e+002  5.4384577e+001
  1.9382818e+002  5.7510662e+001
  1.8169492e+002  6.0626981e+001
  1.6801327e+002  5.9195771e+001
  1.0250650e+002  3.0752812e+001
  8.4208960e+001  2.0236308e+001
  5.3817227e+001  1.8912516e+001
  4.0184404e+001  2.5076798e+001
  2.8099974e+001  3.5788609e+001
  3.2686565e+001  4.0316608e+001
  4.4800291e+001  3.4162092e+001
  5.5404683e+001  2.9536440e+001
  8.1248886e+001  3.2408625e+001
  9.9517128e+001  3.8367835e+001
  1.4805992e+002  2.7421655e+001
  1.7230690e+002  1.8150819e+001
  2.0267910e+002  1.6436414e+001
  2.1487095e+002  2.2434684e+001
  2.2557300e+002  3.3000015e+001
  2.2104500e+002  3.7586607e+001
  2.1036248e+002  3.0059472e+001
  1.9667107e+002  2.7109164e+001
  1.7390412e+002  3.0293841e+001
  1.5266604e+002  3.4987851e+001
  1.1326714e+002  5.0432733e+001
  1.1342338e+002  7.4738307e+001
  1.0900280e+002  9.6034980e+001
  9.9985865e+001  1.1128456e+002
  1.0465058e+002  1.2796534e+002
  1.1979274e+002  1.2027220e+002
  1.3347439e+002  1.2170341e+002
  1.5021376e+002  1.2615328e+002
  1.5465388e+002  1.0789481e+002
  1.4546116e+002  9.5800612e+001
  1.3924805e+002  7.4572296e+001
  1.3910157e+002  5.1785821e+001
  8.6646002e+001  1.6302179e+002
  1.0180769e+002  1.5836684e+002
  1.1544051e+002  1.5220256e+002
  1.2608397e+002  1.5365330e+002
  1.3518879e+002  1.5207561e+002
  1.5192817e+002  1.5652549e+002
  1.6865778e+002  1.5945626e+002
  1.5199653e+002  1.6715917e+002
  1.4139214e+002  1.7178483e+002
  1.2621092e+002  1.7340158e+002
  1.1252927e+002  1.7197037e+002
  1.0035695e+002  1.6901029e+002
  1.0183699e+002  1.6292414e+002
  1.1245114e+002  1.5981758e+002
  1.2612303e+002  1.5972969e+002
  1.3979491e+002  1.5964181e+002
  1.5347656e+002  1.6107302e+002
  1.3981444e+002  1.6268000e+002
  1.2615232e+002  1.6428699e+002
  1.1247067e+002  1.6285578e+002
  1.6044841e+001  5.1057716e+001
  1.6201086e+001  7.5363290e+001
  2.3952824e+001  9.9620037e+001
  2.8666365e+001  1.2389632e+002
  3.3389671e+001  1.4969169e+002
  4.4179605e+001  1.7392891e+002
  5.9507303e+001  1.9509863e+002
  8.0872334e+001  2.1015290e+002
  1.0373693e+002  2.2215921e+002
  1.2655270e+002  2.2657002e+002
  1.5386718e+002  2.2183695e+002
  1.7656577e+002  2.0801858e+002
  1.9622616e+002  1.9421975e+002
  2.1281905e+002  1.7588315e+002
  2.2330626e+002  1.5302832e+002
  2.2770731e+002  1.2869345e+002
  2.3058926e+002  1.0436834e+002
  2.3800898e+002  7.6975745e+001
  2.3785273e+002  5.2670171e+001
