  9.6976122e+001  5.6250696e+001
  8.9400508e+001  4.8709855e+001
  7.7300391e+001  4.5714382e+001
  6.6725827e+001  4.8762014e+001
  5.7673341e+001  5.6341104e+001
  6.6750168e+001  5.9343531e+001
  7.8846809e+001  6.0827359e+001
  8.9424849e+001  5.9291373e+001
  1.5743846e+002  5.4599961e+001
  1.6800259e+002  4.7017393e+001
  1.8009228e+002  4.5477930e+001
  1.9219240e+002  4.8473403e+001
  2.0127965e+002  5.6010766e+001
  1.9221674e+002  5.9054921e+001
  1.8012357e+002  5.9082739e+001
  1.6651877e+002  5.9114034e+001
  1.0296359e+002  3.0538815e+001
  8.4806459e+001  2.3022315e+001
  5.7589888e+001  2.0061615e+001
  4.0979174e+001  2.7658091e+001
  3.3452242e+001  4.1280286e+001
  3.6482488e+001  4.4296622e+001
  4.7039665e+001  3.3690764e+001
  5.9125874e+001  3.0639655e+001
  8.1800555e+001  3.0587496e+001
  1.0298098e+002  3.8097042e+001
  1.5434910e+002  2.5885653e+001
  1.7550171e+002  2.1302035e+001
  1.9514962e+002  1.9745186e+001
  2.1179510e+002  2.7265163e+001
  2.2391261e+002  3.7818863e+001
  2.1938810e+002  4.2364231e+001
  2.0878920e+002  3.4830345e+001
  1.9516700e+002  2.7303413e+001
  1.7703421e+002  3.0368430e+001
  1.5738978e+002  3.3436925e+001
  1.0906233e+002  5.3199587e+001
  1.0911101e+002  7.4362623e+001
  1.0159103e+002  9.1008108e+001
  9.2555934e+001  1.0614543e+002
  9.8633811e+001  1.1973632e+002
  1.1222819e+002  1.1517009e+002
  1.2885629e+002  1.1513184e+002
  1.4549134e+002  1.1811689e+002
  1.4999846e+002  1.0601329e+002
  1.4089381e+002  9.0917700e+001
  1.3480551e+002  7.2791864e+001
  1.3476030e+002  5.3140474e+001
  8.8142702e+001  1.5906345e+002
  1.0022196e+002  1.5298905e+002
  1.1230469e+002  1.4842629e+002
  1.2591297e+002  1.4990664e+002
  1.3346425e+002  1.4686597e+002
  1.5009930e+002  1.4985101e+002
  1.6371454e+002  1.5435465e+002
  1.5314693e+002  1.6042557e+002
  1.3803743e+002  1.6348363e+002
  1.2594427e+002  1.6351145e+002
  1.1083129e+002  1.6505787e+002
  9.8731174e+001  1.6206240e+002
  9.7209097e+001  1.5753094e+002
  1.0930226e+002  1.5750312e+002
  1.2592688e+002  1.5595323e+002
  1.3953169e+002  1.5592193e+002
  1.5464467e+002  1.5437551e+002
  1.3953169e+002  1.5592193e+002
  1.2592688e+002  1.5595323e+002
  1.0930226e+002  1.5750312e+002
  2.2895065e+001  5.1886144e+001
  2.1452965e+001  8.2122530e+001
  2.3023723e+001  1.0781702e+002
  2.6106127e+001  1.3350804e+002
  3.0703654e+001  1.6070723e+002
  3.8317516e+001  1.8487617e+002
  5.3479175e+001  2.0449279e+002
  7.6185151e+001  2.1804544e+002
  1.0189703e+002  2.2403290e+002
  1.2759500e+002  2.2397379e+002
  1.5630931e+002  2.2088443e+002
  1.8048521e+002  2.1629386e+002
  2.0766700e+002  2.0413811e+002
  2.2576155e+002  1.8444499e+002
  2.3477578e+002  1.6023780e+002
  2.3924465e+002  1.3150610e+002
  2.4069718e+002  1.0580466e+002
  2.4516953e+002  7.8584607e+001
  2.4511389e+002  5.4398281e+001
