  9.4780599e+001  5.4758665e+001
  8.5733101e+001  4.7122966e+001
  7.5160354e+001  4.0993607e+001
  6.1499293e+001  4.3940108e+001
  5.0841458e+001  5.1452903e+001
  6.1414205e+001  5.7582262e+001
  7.3531109e+001  5.9173690e+001
  8.5666922e+001  5.7733529e+001
  1.5995032e+002  5.6680991e+001
  1.6606077e+002  4.9139834e+001
  1.7822495e+002  4.3152288e+001
  1.9337344e+002  4.4762625e+001
  2.0242094e+002  5.2398325e+001
  1.9178201e+002  5.6879530e+001
  1.7963675e+002  5.9835485e+001
  1.6751984e+002  5.8244057e+001
  1.0097614e+002  3.3575354e+001
  7.9802281e+001  2.5864021e+001
  6.0115857e+001  2.2709527e+001
  4.4957909e+001  2.2614985e+001
  3.1268484e+001  3.0108871e+001
  3.7293847e+001  3.6209867e+001
  4.7932773e+001  3.1728662e+001
  6.0059131e+001  3.1804296e+001
  7.8229761e+001  3.4949336e+001
  9.7897277e+001  4.1135420e+001
  1.5554475e+002  3.3915706e+001
  1.7226576e+002  2.6440728e+001
  2.0111314e+002  1.9041384e+001
  2.1475529e+002  1.9126472e+001
  2.2228699e+002  2.6752718e+001
  2.2073338e+002  3.2806443e+001
  2.1165752e+002  2.9718128e+001
  2.0105641e+002  2.8136153e+001
  1.7525954e+002  3.2522816e+001
  1.6004486e+002  4.1523043e+001
  1.1298905e+002  5.1840526e+001
  1.1437248e+002  7.3071107e+001
  1.0817694e+002  9.4254418e+001
  9.5965496e+001  1.0782094e+002
  1.0042779e+002  1.2149145e+002
  1.1706372e+002  1.2765863e+002
  1.3526271e+002  1.2625629e+002
  1.5194591e+002  1.2484449e+002
  1.5659729e+002  1.0819911e+002
  1.4456547e+002  9.2965524e+001
  1.3862520e+002  7.3222375e+001
  1.3875756e+002  5.2001248e+001
  8.6549284e+001  1.5930124e+002
  1.0173560e+002  1.5484839e+002
  1.1539666e+002  1.5190189e+002
  1.2751356e+002  1.5349332e+002
  1.3965883e+002  1.5053736e+002
  1.5176628e+002  1.5364459e+002
  1.6539898e+002  1.5524547e+002
  1.5472223e+002  1.6578985e+002
  1.4254860e+002  1.7329320e+002
  1.2738120e+002  1.7471445e+002
  1.1525484e+002  1.7463881e+002
  1.0013471e+002  1.6848109e+002
  9.8675643e+001  1.5937687e+002
  1.1383359e+002  1.5947141e+002
  1.2747574e+002  1.5955650e+002
  1.4567474e+002  1.5815416e+002
  1.5628530e+002  1.5822034e+002
  1.4567474e+002  1.5815416e+002
  1.2899154e+002  1.5956595e+002
  1.1383359e+002  1.5947141e+002
  2.0535016e+001  4.9748024e+001
  2.0374294e+001  7.5516536e+001
  2.1729367e+001  1.0129450e+002
  2.3084440e+001  1.2707247e+002
  2.8977444e+001  1.5439459e+002
  4.2477784e+001  1.7721660e+002
  5.9028622e+001  1.9702593e+002
  7.8620504e+001  2.1533837e+002
  1.0129125e+002  2.2609075e+002
  1.2854719e+002  2.3080831e+002
  1.5283773e+002  2.2489640e+002
  1.7565028e+002  2.1291185e+002
  1.9545961e+002  1.9636102e+002
  2.0923412e+002  1.7522498e+002
  2.2301809e+002  1.5257314e+002
  2.2923254e+002  1.2835824e+002
  2.3241539e+002  1.0412443e+002
  2.3410136e+002  7.6849580e+001
  2.3273684e+002  5.2587409e+001
