  1.0336766e+002  5.7425527e+001
  9.1382261e+001  4.8249280e+001
  7.9336958e+001  4.5110660e+001
  6.5722345e+001  4.7994691e+001
  5.5066642e+001  5.6946301e+001
  6.7096970e+001  6.1594328e+001
  7.9172224e+001  6.1714135e+001
  9.1262454e+001  6.0324534e+001
  1.5317809e+002  5.7919729e+001
  1.6383379e+002  4.8968118e+001
  1.7746338e+002  4.4574680e+001
  1.9100311e+002  4.9237683e+001
  2.0298851e+002  5.8413930e+001
  1.9239271e+002  6.1327913e+001
  1.7879307e+002  6.2702538e+001
  1.6673280e+002  6.1073325e+001
  1.0369713e+002  2.4218577e+001
  8.2625336e+001  1.7971289e+001
  4.7864052e+001  2.2155066e+001
  3.8702780e+001  3.2631058e+001
  3.4084705e+001  4.1642572e+001
  3.8553022e+001  4.7725127e+001
  4.4695480e+001  3.7219182e+001
  5.3826800e+001  2.9762003e+001
  8.1011099e+001  2.8522161e+001
  1.0060344e+002  3.1735660e+001
  1.4446609e+002  2.3113517e+001
  1.6567266e+002  1.5776144e+001
  2.0183852e+002  2.2173191e+001
  2.1531835e+002  3.2873821e+001
  2.1974174e+002  4.3484596e+001
  2.1670795e+002  4.4964051e+001
  2.0774137e+002  3.5817756e+001
  1.9723542e+002  2.9675298e+001
  1.6706226e+002  2.7866375e+001
  1.5041386e+002  3.2229861e+001
  1.1548784e+002  5.3017113e+001
  1.1527818e+002  7.4148809e+001
  1.0607198e+002  8.9153022e+001
  9.5371352e+001  1.0263285e+002
  9.9749815e+001  1.1777185e+002
  1.1783275e+002  1.2097037e+002
  1.3443622e+002  1.2113511e+002
  1.5561284e+002  1.1681655e+002
  1.5728698e+002  1.0022805e+002
  1.4382213e+002  8.8018010e+001
  1.3793426e+002  7.2864039e+001
  1.3661954e+002  5.3226774e+001
  7.9783083e+001  1.5229352e+002
  9.6446461e+001  1.4642063e+002
  1.1309486e+002  1.4205714e+002
  1.2664957e+002  1.4521074e+002
  1.4177359e+002  1.4234168e+002
  1.6286036e+002  1.4707956e+002
  1.8094329e+002  1.5027809e+002
  1.6123115e+002  1.5913984e+002
  1.4459772e+002  1.6199392e+002
  1.2648484e+002  1.6181421e+002
  1.0988136e+002  1.6164948e+002
  9.7821085e+001  1.6002026e+002
  9.3352768e+001  1.5393771e+002
  1.0998620e+002  1.5108363e+002
  1.2658967e+002  1.5124836e+002
  1.4471753e+002  1.4991867e+002
  1.6430986e+002  1.5313216e+002
  1.4468758e+002  1.5293748e+002
  1.2655972e+002  1.5426718e+002
  1.0995624e+002  1.5410244e+002
  2.9451654e+001  5.2163492e+001
  2.6178252e+001  7.7793456e+001
  2.2874898e+001  1.0644223e+002
  1.9586520e+001  1.3358161e+002
  2.2335769e+001  1.6078088e+002
  3.4156435e+001  1.8656060e+002
  5.2074631e+001  2.0636260e+002
  7.6075382e+001  2.2169628e+002
  1.0010608e+002  2.3401115e+002
  1.3026427e+002  2.3732948e+002
  1.5448966e+002  2.3002206e+002
  1.7874500e+002  2.1969582e+002
  1.9851704e+002  2.0479644e+002
  2.1679466e+002  1.8837267e+002
  2.2910953e+002  1.6434197e+002
  2.3541672e+002  1.3723255e+002
  2.3721067e+002  1.0856880e+002
  2.3748023e+002  8.1399476e+001
  2.3470103e+002  5.7219015e+001
