  9.9534082e+001  5.6479872e+001
  9.1947951e+001  4.8987659e+001
  7.9866493e+001  4.6047124e+001
  6.9321044e+001  4.7620701e+001
  5.7305328e+001  5.5235006e+001
  6.6371117e+001  5.8194325e+001
  7.6944741e+001  6.1144251e+001
  8.9007416e+001  6.1069117e+001
  1.5833962e+002  5.6113595e+001
  1.6584123e+002  5.0035299e+001
  1.7636789e+002  4.5446053e+001
  1.8843996e+002  4.6878754e+001
  1.9904176e+002  5.4352184e+001
  1.8850570e+002  5.7433595e+001
  1.7796025e+002  5.9007171e+001
  1.6740541e+002  5.9072913e+001
  1.0683846e+002  1.8737055e+001
  8.8706881e+001  1.2818418e+001
  6.1565862e+001  1.2987469e+001
  4.3509417e+001  1.9131507e+001
  3.3020319e+001  2.9752090e+001
  3.6073554e+001  3.5764644e+001
  4.8079879e+001  2.6642504e+001
  6.3139439e+001  2.3532918e+001
  8.8772623e+001  2.3373258e+001
  1.0386975e+002  2.6295010e+001
  1.5208288e+002  1.9963137e+001
  1.6864089e+002  1.5336325e+001
  1.8821456e+002  1.0690729e+001
  2.0333986e+002  1.8135984e+001
  2.1394166e+002  2.5609414e+001
  2.1096356e+002  3.1659534e+001
  2.0037115e+002  2.5693939e+001
  1.8829908e+002  2.4261239e+001
  1.7172230e+002  2.5872382e+001
  1.5516429e+002  3.0499194e+001
  1.1759992e+002  5.1843668e+001
  1.1774080e+002  7.4461184e+001
  1.1332060e+002  9.1075537e+001
  1.0138002e+002  1.1075252e+002
  1.0599744e+002  1.2580269e+002
  1.1953977e+002  1.2119466e+002
  1.3763378e+002  1.2108196e+002
  1.4972464e+002  1.2553033e+002
  1.5566206e+002  1.1041442e+002
  1.4348668e+002  9.2395537e+001
  1.4035831e+002  7.4320308e+001
  1.4022683e+002  5.3210627e+001
  8.9646054e+001  1.6360185e+002
  1.0316961e+002  1.5597816e+002
  1.1519471e+002  1.4987169e+002
  1.2727617e+002  1.5281222e+002
  1.4082790e+002  1.4971203e+002
  1.5442658e+002  1.5415100e+002
  1.6653622e+002  1.6161504e+002
  1.5452050e+002  1.6922935e+002
  1.4249539e+002  1.7533582e+002
  1.2743583e+002  1.7844540e+002
  1.1385593e+002  1.7702210e+002
  1.0176508e+002  1.7257373e+002
  1.0322596e+002  1.6502516e+002
  1.1526045e+002  1.6042653e+002
  1.2732313e+002  1.6035139e+002
  1.4089364e+002  1.6026687e+002
  1.5598137e+002  1.6168078e+002
  1.4091242e+002  1.6328254e+002
  1.2735131e+002  1.6487490e+002
  1.1527924e+002  1.6344219e+002
  2.5622023e+001  5.2416564e+001
  2.5772291e+001  7.6541914e+001
  2.5941342e+001  1.0368293e+002
  2.9126062e+001  1.3080517e+002
  3.5307667e+001  1.5489295e+002
  4.4495549e+001  1.7745412e+002
  5.6680316e+001  1.9698083e+002
  7.7912090e+001  2.1645119e+002
  1.0061413e+002  2.2988082e+002
  1.2628488e+002  2.3575250e+002
  1.5189928e+002  2.3257717e+002
  1.7594950e+002  2.2036423e+002
  1.9545743e+002  2.0516379e+002
  2.1040429e+002  1.8396020e+002
  2.2079947e+002  1.5826127e+002
  2.2515392e+002  1.3109208e+002
  2.2499426e+002  1.0545889e+002
  2.2482521e+002  7.8317874e+001
  2.2164988e+002  5.2703473e+001
