  1.0127653e+002  5.6582769e+001
  9.0593839e+001  4.9054665e+001
  7.8430711e+001  4.7612967e+001
  6.6306325e+001  5.2247989e+001
  5.8749165e+001  5.8373137e+001
  6.7883617e+001  6.1353385e+001
  8.0046744e+001  6.2795084e+001
  9.2180816e+001  5.9679241e+001
  1.5444783e+002  5.6243785e+001
  1.6503367e+002  4.8580087e+001
  1.7716774e+002  4.5464244e+001
  1.8935024e+002  4.9944303e+001
  1.9546570e+002  5.5982283e+001
  1.8789886e+002  6.0588250e+001
  1.7726459e+002  6.0656047e+001
  1.6510147e+002  5.9214348e+001
  1.0562099e+002  2.3131748e+001
  8.5832907e+001  1.7180936e+001
  5.2420628e+001  1.8913192e+001
  4.1854163e+001  2.9615250e+001
  3.2826249e+001  4.3345984e+001
  4.0441521e+001  4.6335918e+001
  4.7988995e+001  3.8691591e+001
  5.7065336e+001  3.2556758e+001
  8.5920075e+001  3.0853558e+001
  1.0416961e+002  3.3775695e+001
  1.4810961e+002  1.5264660e+001
  1.7393568e+002  1.5100010e+001
  1.9977142e+002  1.6454541e+001
  2.1199266e+002  2.7011321e+001
  2.1963699e+002  3.4558795e+001
  2.1357964e+002  3.7635897e+001
  2.0594500e+002  3.1607602e+001
  1.9529137e+002  2.8637039e+001
  1.7250366e+002  2.8782318e+001
  1.4971596e+002  2.8927597e+001
  1.1341060e+002  5.3466926e+001
  1.1353651e+002  7.3216269e+001
  1.0453765e+002  9.1504544e+001
  9.5509734e+001  1.0523528e+002
  1.0167362e+002  1.1886916e+002
  1.1834586e+002  1.1268590e+002
  1.3201849e+002  1.1259873e+002
  1.4876821e+002  1.1856892e+002
  1.5323858e+002  1.0486724e+002
  1.4554583e+002  8.9723861e+001
  1.3937226e+002  7.4570800e+001
  1.3923666e+002  5.3302277e+001
  8.5214457e+001  1.5847438e+002
  1.0335745e+002  1.4468554e+002
  1.1395297e+002  1.3854102e+002
  1.2612578e+002  1.4150190e+002
  1.3826954e+002  1.3990524e+002
  1.4743305e+002  1.4744302e+002
  1.6574069e+002  1.5948024e+002
  1.4904908e+002  1.6262514e+002
  1.3995337e+002  1.6572161e+002
  1.2781930e+002  1.6883746e+002
  1.1260813e+002  1.6589595e+002
  9.8916134e+001  1.6294475e+002
  9.4319853e+001  1.5689709e+002
  1.0796342e+002  1.5225238e+002
  1.2773213e+002  1.5516483e+002
  1.4596230e+002  1.5504861e+002
  1.5661593e+002  1.5801917e+002
  1.4444312e+002  1.5505830e+002
  1.2773213e+002  1.5516483e+002
  1.0948260e+002  1.5224270e+002
  2.3778965e+001  5.4038357e+001
  2.0905254e+001  7.9883791e+001
  2.2579398e+001  1.0418099e+002
  2.7311273e+001  1.3149718e+002
  3.2033464e+001  1.5729419e+002
  4.1313194e+001  1.8306214e+002
  5.3592545e+001  2.0273400e+002
  7.4977291e+001  2.2082857e+002
  9.9351971e+001  2.3130786e+002
  1.2672627e+002  2.3569107e+002
  1.5407152e+002  2.3551674e+002
  1.8137802e+002  2.2926568e+002
  2.0556868e+002  2.1088055e+002
  2.2213438e+002  1.8798631e+002
  2.3108481e+002  1.6210214e+002
  2.3547770e+002  1.3624702e+002
  2.3682255e+002  1.0889209e+002
  2.3968658e+002  8.1527474e+001
  2.3495470e+002  5.4211286e+001
