  9.8662822e+001  5.6212243e+001
  9.1027279e+001  4.8713594e+001
  7.8865168e+001  4.2769432e+001
  6.6785193e+001  4.5905785e+001
  5.9286543e+001  5.3541328e+001
  6.8421816e+001  5.9512869e+001
  7.9029440e+001  6.0930463e+001
  8.8096266e+001  5.9334907e+001
  1.5768617e+002  5.5678357e+001
  1.6367140e+002  4.8056503e+001
  1.7725111e+002  4.3393041e+001
  1.8785873e+002  4.4810634e+001
  1.9702138e+002  5.3809013e+001
  1.8798194e+002  5.8431407e+001
  1.7891511e+002  6.0026963e+001
  1.6679407e+002  5.8623059e+001
  1.0445640e+002  2.7402520e+001
  8.6185855e+001  1.5459439e+001
  6.3457188e+001  1.2637941e+001
  4.9891172e+001  1.8814822e+001
  4.0906482e+001  2.9490893e+001
  4.2460970e+001  3.4017462e+001
  5.2972768e+001  2.4841121e+001
  6.3553013e+001  2.3231876e+001
  8.3268532e+001  2.7594171e+001
  9.9970901e+001  3.3497265e+001
  1.4379161e+002  2.5533176e+001
  1.6792418e+002  1.6233631e+001
  1.8909836e+002  1.4528560e+001
  2.0580073e+002  2.0431654e+001
  2.1343627e+002  2.7930303e+001
  2.1043682e+002  3.0984520e+001
  2.0282865e+002  2.6512709e+001
  1.8920788e+002  2.6635914e+001
  1.7106054e+002  2.8313606e+001
  1.4992743e+002  3.4558934e+001
  1.1678279e+002  5.1507712e+001
  1.1546102e+002  7.2709271e+001
  1.1259845e+002  9.0897681e+001
  1.0215510e+002  1.0764112e+002
  1.0834567e+002  1.2272055e+002
  1.2192538e+002  1.1805709e+002
  1.3554615e+002  1.1793389e+002
  1.4920799e+002  1.2235094e+002
  1.5212531e+002  1.1021621e+002
  1.4286684e+002  9.0623893e+001
  1.3967573e+002  7.2490241e+001
  1.3798434e+002  5.2829480e+001
  8.7500036e+001  1.6074768e+002
  1.0106605e+002  1.5457080e+002
  1.1313234e+002  1.4992103e+002
  1.2675311e+002  1.4979783e+002
  1.4037388e+002  1.4967462e+002
  1.5554914e+002  1.5407799e+002
  1.6922467e+002  1.6000846e+002
  1.5567235e+002  1.6769876e+002
  1.4212002e+002  1.7538906e+002
  1.2699952e+002  1.7703937e+002
  1.1183795e+002  1.7414943e+002
  1.0118926e+002  1.6819158e+002
  9.6580552e+001  1.6066555e+002
  1.1322816e+002  1.6051497e+002
  1.2836236e+002  1.6037807e+002
  1.4499628e+002  1.5871407e+002
  1.5711732e+002  1.6011797e+002
  1.4500997e+002  1.6022749e+002
  1.2837605e+002  1.6189149e+002
  1.1324185e+002  1.6202838e+002
  2.5963941e+001  5.0815657e+001
  2.4683242e+001  7.6557473e+001
  2.6443070e+001  1.0378533e+002
  2.8202898e+001  1.3101319e+002
  2.9962727e+001  1.5824104e+002
  3.6249123e+001  1.8391441e+002
  5.3102076e+001  2.0646512e+002
  7.5940258e+001  2.2139397e+002
  1.0176421e+002  2.3175519e+002
  1.2903314e+002  2.3453561e+002
  1.5473388e+002  2.3127606e+002
  1.7886646e+002  2.2197651e+002
  1.9839032e+002  2.0515094e+002
  2.1485997e+002  1.8532590e+002
  2.2218066e+002  1.5801591e+002
  2.2346136e+002  1.3227409e+002
  2.2928232e+002  1.0649121e+002
  2.3053564e+002  7.7722554e+001
  2.2880319e+002  5.3521536e+001
