  1.0247309e+002  5.7047615e+001
  9.1476510e+001  4.6945080e+001
  7.7721209e+001  4.2998586e+001
  6.4285211e+001  4.6587491e+001
  5.7132975e+001  5.5949273e+001
  6.4859957e+001  6.0151210e+001
  7.7044317e+001  6.2654485e+001
  8.9037095e+001  6.0636520e+001
  1.5672797e+002  5.4748635e+001
  1.6388020e+002  4.5386853e+001
  1.7574526e+002  4.0354728e+001
  1.8937284e+002  4.1287063e+001
  2.0187651e+002  5.1325738e+001
  1.9001145e+002  5.6357862e+001
  1.7801867e+002  5.8375826e+001
  1.6740525e+002  5.7315771e+001
  1.0427390e+002  2.8285376e+001
  9.4656678e+001  1.5104821e+001
  5.9993840e+001  1.6573614e+001
  4.8192643e+001  2.3112818e+001
  3.7898527e+001  2.9588162e+001
  4.2675208e+001  3.5424900e+001
  5.1526106e+001  3.0520496e+001
  6.2011805e+001  2.8566393e+001
  8.7696023e+001  2.8987843e+001
  1.0000811e+002  3.4505278e+001
  1.4759606e+002  1.7390941e+001
  1.7001067e+002  1.1911792e+001
  1.9412395e+002  1.0890023e+001
  2.0486509e+002  1.4964239e+001
  2.1265593e+002  2.0673255e+001
  2.0983336e+002  2.5322216e+001
  2.0223410e+002  2.4134439e+001
  1.9162068e+002  2.3074383e+001
  1.7366344e+002  2.6854870e+001
  1.4967788e+002  3.0890799e+001
  1.1735231e+002  5.1887770e+001
  1.1680314e+002  7.4557829e+001
  1.1003407e+002  9.2962090e+001
  1.0012311e+002  1.0847991e+002
  1.0691776e+002  1.2630943e+002
  1.2035376e+002  1.2272052e+002
  1.3542456e+002  1.2208192e+002
  1.5225788e+002  1.2740777e+002
  1.5745601e+002  1.0756029e+002
  1.4469690e+002  9.1493297e+001
  1.3790226e+002  7.3663781e+001
  1.3694435e+002  5.1057583e+001
  8.4273274e+001  1.6199404e+002
  9.7645412e+001  1.5689805e+002
  1.1403171e+002  1.5167434e+002
  1.2627993e+002  1.5568470e+002
  1.3670177e+002  1.5222352e+002
  1.5353509e+002  1.5754937e+002
  1.6892519e+002  1.6444616e+002
  1.5417369e+002  1.7262017e+002
  1.3785126e+002  1.7935096e+002
  1.2585848e+002  1.8136892e+002
  1.1216704e+002  1.7892950e+002
  9.8347878e+001  1.7347593e+002
  9.7900854e+001  1.6292637e+002
  1.1297165e+002  1.6228777e+002
  1.2509215e+002  1.6328396e+002
  1.4016295e+002  1.6264536e+002
  1.5542533e+002  1.6652799e+002
  1.4035453e+002  1.6716659e+002
  1.2534760e+002  1.6931228e+002
  1.1172002e+002  1.6837994e+002
  2.6863657e+001  5.4212324e+001
  2.7885426e+001  7.8325603e+001
  3.0414275e+001  1.0237502e+002
  3.7464364e+001  1.2623286e+002
  3.9993213e+001  1.5028227e+002
  4.5536221e+001  1.7420397e+002
  6.0057849e+001  1.9623542e+002
  7.7338194e+001  2.1211084e+002
  9.9075918e+001  2.2628759e+002
  1.2344464e+002  2.3129414e+002
  1.4893728e+002  2.2719435e+002
  1.7417447e+002  2.1706624e+002
  1.9469884e+002  2.0260847e+002
  2.1195361e+002  1.8225011e+002
  2.2298848e+002  1.5762594e+002
  2.2629637e+002  1.2879984e+002
  2.2985970e+002  1.0600206e+002
  2.3166051e+002  7.7239825e+001
  2.2749686e+002  5.0240108e+001
