  1.0061369e+002  5.7611961e+001
  8.9889302e+001  4.7027437e+001
  7.7692804e+001  4.4063227e+001
  6.5536266e+001  4.7187275e+001
  5.6453826e+001  5.4857539e+001
  6.5616185e+001  5.9363794e+001
  7.7802693e+001  6.0805939e+001
  8.9969221e+001  5.9203955e+001
  1.5540802e+002  5.7252326e+001
  1.6448047e+002  4.8059998e+001
  1.7814908e+002  4.3403894e+001
  1.8882351e+002  4.6378095e+001
  1.9800585e+002  5.3928479e+001
  1.8890343e+002  5.8554613e+001
  1.7825897e+002  6.0146607e+001
  1.6759453e+002  5.8694471e+001
  1.0191597e+002  2.4116546e+001
  8.3601245e+001  1.6626101e+001
  6.3794424e+001  1.3711840e+001
  4.5579596e+001  2.1442043e+001
  3.3492986e+001  3.5220545e+001
  3.9601225e+001  3.8224715e+001
  5.1737784e+001  3.2056536e+001
  6.5416387e+001  2.8922498e+001
  8.2169090e+001  3.0334674e+001
  9.8941772e+001  3.4790980e+001
  1.4908000e+002  2.0762730e+001
  1.7338309e+002  1.2992568e+001
  1.9162788e+002  9.8285600e+000
  2.0842055e+002  1.7328995e+001
  2.2065701e+002  2.6381465e+001
  2.1763286e+002  2.9445574e+001
  2.0391429e+002  2.6491354e+001
  1.9019573e+002  2.3537133e+001
  1.7347300e+002  2.6691151e+001
  1.5220405e+002  3.2919269e+001
  1.1428230e+002  5.2955858e+001
  1.1291008e+002  7.5796820e+001
  1.0846377e+002  9.4091567e+001
  9.9411296e+001  1.0632802e+002
  1.0255533e+002  1.2152869e+002
  1.2081011e+002  1.1988675e+002
  1.3298663e+002  1.1980683e+002
  1.5279345e+002  1.2272109e+002
  1.5574767e+002  1.0900253e+002
  1.4804744e+002  9.5353895e+001
  1.4030725e+002  7.5617002e+001
  1.4015740e+002  5.2786030e+001
  8.9106489e+001  1.5967022e+002
  1.0122307e+002  1.5045791e+002
  1.1488169e+002  1.4427974e+002
  1.2556611e+002  1.4877601e+002
  1.3467852e+002  1.4567194e+002
  1.4841707e+002  1.5167029e+002
  1.6371763e+002  1.6374691e+002
  1.5006900e+002  1.7144714e+002
  1.3792245e+002  1.7609326e+002
  1.2727799e+002  1.7768525e+002
  1.1052529e+002  1.7627308e+002
  9.8308807e+001  1.7026474e+002
  9.8238878e+001  1.5961028e+002
  1.1039542e+002  1.5648623e+002
  1.2563604e+002  1.5943046e+002
  1.4085669e+002  1.5933057e+002
  1.5457525e+002  1.6228479e+002
  1.4239874e+002  1.6236470e+002
  1.2566601e+002  1.6399666e+002
  1.1043538e+002  1.6257449e+002
  2.4460496e+001  5.0501132e+001
  2.4640314e+001  7.7898298e+001
  2.6322217e+001  1.0224134e+002
  3.2580304e+001  1.2807649e+002
  4.0370446e+001  1.5542370e+002
  4.9662673e+001  1.7971680e+002
  6.1989040e+001  2.0246785e+002
  7.7319576e+001  2.1911067e+002
  1.0175253e+002  2.3112735e+002
  1.2613554e+002  2.3553370e+002
  1.5350273e+002  2.3078769e+002
  1.7779583e+002  2.2149546e+002
  1.9899485e+002  2.0461289e+002
  2.1255357e+002  1.8321408e+002
  2.2151613e+002  1.5727904e+002
  2.2591250e+002  1.3137397e+002
  2.3183093e+002  1.0545890e+002
  2.3469524e+002  7.8041759e+001
  2.3301334e+002  5.3698712e+001
