  1.0091800e+002  5.6048831e+001
  8.8620022e+001  4.7117659e+001
  7.7935288e+001  4.4241937e+001
  6.5801001e+001  4.5948728e+001
  5.5279964e+001  5.3710970e+001
  6.5988083e+001  5.8106401e+001
  7.6649431e+001  5.9462413e+001
  8.8783718e+001  5.7755622e+001
  1.5864356e+002  5.3640483e+001
  1.6612518e+002  4.5925011e+001
  1.7823608e+002  4.2698511e+001
  1.8892082e+002  4.5574233e+001
  1.9965232e+002  5.1489372e+001
  1.9060422e+002  5.6188811e+001
  1.8001303e+002  5.9391926e+001
  1.6783197e+002  5.8059299e+001
  1.0208694e+002  3.3229810e+001
  8.2190407e+001  2.4415564e+001
  5.7758136e+001  1.7191183e+001
  4.1134878e+001  2.3527257e+001
  3.2156935e+001  3.2785822e+001
  3.6786218e+001  3.7274794e+001
  4.4337993e+001  3.4118449e+001
  5.7991989e+001  3.2388273e+001
  7.9291300e+001  3.3580589e+001
  9.9187829e+001  4.2394835e+001
  1.5520660e+002  2.7852200e+001
  1.7489266e+002  2.2989064e+001
  1.9757137e+002  1.5039741e+001
  2.1594819e+002  2.3877372e+001
  2.2214395e+002  3.1382376e+001
  2.1912792e+002  3.2948856e+001
  2.1297893e+002  2.8483270e+001
  2.0077448e+002  2.5630933e+001
  1.7657606e+002  3.3603643e+001
  1.5840971e+002  3.8443392e+001
  1.1452523e+002  5.1279237e+001
  1.1335630e+002  7.4098258e+001
  1.0603838e+002  9.2451692e+001
  9.7130591e+001  1.0626939e+002
  9.8860767e+001  1.1992338e+002
  1.1871053e+002  1.2569821e+002
  1.3390762e+002  1.2546436e+002
  1.5055426e+002  1.2064799e+002
  1.5338321e+002  1.0692384e+002
  1.4555081e+002  9.1843676e+001
  1.3921474e+002  7.5220417e+001
  1.3884058e+002  5.0905073e+001
  7.8192857e+001  1.5976321e+002
  9.7855534e+001  1.5338037e+002
  1.1450218e+002  1.4856400e+002
  1.2670662e+002  1.5141634e+002
  1.3881752e+002  1.4818984e+002
  1.5408477e+002  1.5251511e+002
  1.6633598e+002  1.5840687e+002
  1.5576817e+002  1.6312969e+002
  1.4061785e+002  1.6640296e+002
  1.2848357e+002  1.6810975e+002
  1.1328648e+002  1.6834360e+002
  9.8019230e+001  1.6401833e+002
  9.4909657e+001  1.5950597e+002
  1.1005998e+002  1.5623270e+002
  1.2680016e+002  1.5749517e+002
  1.4199725e+002  1.5726132e+002
  1.5873744e+002  1.5852379e+002
  1.4202064e+002  1.5878103e+002
  1.2682355e+002  1.5901488e+002
  1.1010675e+002  1.5927212e+002
  2.1822980e+001  5.2705736e+001
  2.2220529e+001  7.8540790e+001
  2.5680881e+001  1.0584878e+002
  2.9094463e+001  1.3011736e+002
  3.5570848e+001  1.5585887e+002
  4.6582976e+001  1.8001052e+002
  6.0587750e+001  2.0107598e+002
  7.9151652e+001  2.2207128e+002
  1.0061466e+002  2.3390156e+002
  1.2651987e+002  2.3806314e+002
  1.5226138e+002  2.3158675e+002
  1.7484655e+002  2.1755859e+002
  1.9432215e+002  1.9901808e+002
  2.1071155e+002  1.7748491e+002
  2.2099874e+002  1.5452558e+002
  2.2670341e+002  1.3011669e+002
  2.3236131e+002  1.0266839e+002
  2.3652289e+002  7.6763180e+001
  2.3612534e+002  5.0928127e+001
