  1.0096395e+002  5.4922608e+001
  9.1865041e+001  4.5760302e+001
  7.8179692e+001  4.2669221e+001
  6.5994981e+001  4.5670496e+001
  5.6837957e+001  5.3247640e+001
  6.7474487e+001  5.7849924e+001
  7.8121582e+001  5.9408672e+001
  9.0301010e+001  5.7929165e+001
  1.5574233e+002  5.6634555e+001
  1.6490463e+002  4.7535642e+001
  1.7861640e+002  4.3017881e+001
  1.9230174e+002  4.6108963e+001
  2.0140066e+002  5.5271268e+001
  1.9225420e+002  5.9804877e+001
  1.8007477e+002  6.1284383e+001
  1.6790591e+002  5.9720353e+001
  1.0410258e+002  2.7541345e+001
  8.1302469e+001  1.9853263e+001
  6.0013562e+001  1.5214000e+001
  4.3237133e+001  2.5808267e+001
  3.7128929e+001  3.1874209e+001
  4.1673102e+001  3.7977131e+001
  4.7776024e+001  3.3432957e+001
  6.1498351e+001  2.5871660e+001
  7.6710751e+001  2.7446256e+001
  1.0255440e+002  3.5144904e+001
  1.4520089e+002  2.4640442e+001
  1.6652149e+002  2.0149096e+001
  1.9088563e+002  1.5668315e+001
  2.0456041e+002  2.1802933e+001
  2.1974640e+002  3.0986369e+001
  2.1516525e+002  3.5535826e+001
  2.0301223e+002  2.9406491e+001
  1.8932160e+002  2.7837178e+001
  1.6800628e+002  3.0806756e+001
  1.4821273e+002  3.3781617e+001
  1.1162690e+002  5.1916051e+001
  1.1154766e+002  7.4742574e+001
  1.0539191e+002  9.4504430e+001
  9.9252007e+001  1.0970098e+002
  1.0225328e+002  1.2188569e+002
  1.1440630e+002  1.2801503e+002
  1.2810749e+002  1.2654080e+002
  1.4637400e+002  1.2508243e+002
  1.4795916e+002  1.0682649e+002
  1.3887081e+002  9.4620650e+001
  1.3589595e+002  7.4827098e+001
  1.3596991e+002  5.3522343e+001
  8.9968198e+001  1.5380056e+002
  1.0063642e+002  1.4927224e+002
  1.1586467e+002  1.4628153e+002
  1.2497943e+002  1.5087853e+002
  1.3715886e+002  1.4939902e+002
  1.5083893e+002  1.5401187e+002
  1.6605133e+002  1.5558647e+002
  1.5384020e+002  1.6619659e+002
  1.4011787e+002  1.7375788e+002
  1.2336786e+002  1.7674331e+002
  1.0968251e+002  1.7365223e+002
  1.0057831e+002  1.6601169e+002
  1.0061001e+002  1.5688108e+002
  1.1278944e+002  1.5540157e+002
  1.2647479e+002  1.5849265e+002
  1.4169247e+002  1.5854548e+002
  1.5386133e+002  1.6010951e+002
  1.4168190e+002  1.6158902e+002
  1.2646422e+002  1.6153619e+002
  1.1125711e+002  1.5843983e+002
  2.4891390e+001  5.0093166e+001
  2.3279815e+001  7.5957944e+001
  2.4711777e+001  1.0183329e+002
  2.9187275e+001  1.2771920e+002
  3.3662773e+001  1.5360510e+002
  4.5757678e+001  1.7647389e+002
  6.2428453e+001  1.9631499e+002
  8.0620997e+001  2.1616136e+002
  1.0340526e+002  2.2841475e+002
  1.3077596e+002  2.3459691e+002
  1.5512953e+002  2.3315967e+002
  1.7952008e+002  2.2107005e+002
  2.0088823e+002  2.0288279e+002
  2.1617987e+002  1.8163086e+002
  2.2843326e+002  1.5884660e+002
  2.3765896e+002  1.3148647e+002
  2.4231935e+002  1.0411049e+002
  2.4545270e+002  7.8250991e+001
  2.4401017e+002  5.5419185e+001
