  9.8798095e+001  5.5630614e+001
  8.5004607e+001  4.6670572e+001
  7.2822268e+001  4.5295039e+001
  6.0712426e+001  5.0001615e+001
  5.1643637e+001  5.4671941e+001
  6.0839296e+001  6.0645303e+001
  7.3003511e+001  6.0500308e+001
  8.8190655e+001  5.8798538e+001
  1.5655999e+002  5.3421362e+001
  1.6562878e+002  4.8751036e+001
  1.8382073e+002  4.3971963e+001
  1.9602119e+002  4.6868022e+001
  2.0525310e+002  5.5882437e+001
  1.9312513e+002  5.9068486e+001
  1.8094279e+002  5.7692954e+001
  1.6725805e+002  5.7856073e+001
  1.0451772e+002  2.5147579e+001
  8.9258074e+001  2.0767242e+001
  6.3354744e+001  1.6513775e+001
  4.8203848e+001  2.1256599e+001
  3.7614533e+001  2.5945050e+001
  4.2248611e+001  3.1972784e+001
  5.1353648e+001  3.0343511e+001
  6.3463490e+001  2.5636936e+001
  8.6307642e+001  2.8406125e+001
  1.0460834e+002  3.2750214e+001
  1.5167217e+002  2.6106252e+001
  1.6532067e+002  2.2902079e+001
  1.8505127e+002  1.9625409e+001
  2.1240263e+002  1.7778644e+001
  2.2615986e+002  2.3697633e+001
  2.2467559e+002  2.6756811e+001
  2.1399565e+002  2.3842627e+001
  1.8514189e+002  2.7228043e+001
  1.6845234e+002  3.0468465e+001
  1.5326520e+002  3.2170235e+001
  1.1548764e+002  5.2390192e+001
  1.1423898e+002  7.5216220e+001
  1.0994926e+002  9.8078496e+001
  9.7930044e+001  1.1038771e+002
  9.8129411e+001  1.2711350e+002
  1.1496395e+002  1.3603729e+002
  1.3322840e+002  1.3734033e+002
  1.4830680e+002  1.2651540e+002
  1.5118473e+002  1.1279441e+002
  1.4035980e+002  9.7716009e+001
  1.3856741e+002  7.4926230e+001
  1.3834992e+002  5.6679908e+001
  8.7866334e+001  1.5917144e+002
  1.0455588e+002  1.5593101e+002
  1.1668385e+002  1.5274497e+002
  1.2888431e+002  1.5564103e+002
  1.3949175e+002  1.5247310e+002
  1.5319462e+002  1.5383051e+002
  1.6689748e+002  1.5518792e+002
  1.5641691e+002  1.6899953e+002
  1.4130227e+002  1.7678341e+002
  1.2763565e+002  1.7846705e+002
  1.1239413e+002  1.7560724e+002
  1.0017554e+002  1.7119065e+002
  9.8546271e+001  1.6208562e+002
  1.1525394e+002  1.6036572e+002
  1.2743628e+002  1.6174126e+002
  1.4112102e+002  1.6157814e+002
  1.5324899e+002  1.5839209e+002
  1.4110290e+002  1.6005761e+002
  1.2745441e+002  1.6326178e+002
  1.1527207e+002  1.6188625e+002
  2.1214976e+001  5.3513901e+001
  1.8463911e+001  7.7878580e+001
  2.0274428e+001  1.0218889e+002
  2.5162246e+001  1.2950400e+002
  3.1516219e+001  1.5223940e+002
  4.3952298e+001  1.7490231e+002
  6.0913710e+001  1.9446979e+002
  8.0879927e+001  2.1095997e+002
  1.0233042e+002  2.2439097e+002
  1.2823375e+002  2.2864444e+002
  1.5098728e+002  2.2381099e+002
  1.7515259e+002  2.0983626e+002
  1.9321767e+002  1.9441350e+002
  2.1121025e+002  1.7290863e+002
  2.2006155e+002  1.4999198e+002
  2.2435127e+002  1.2712971e+002
  2.3166391e+002  1.0271066e+002
  2.3439685e+002  7.6825451e+001
  2.3714792e+002  5.2460773e+001
