  1.0202693e+002  5.7920997e+001
  9.1236552e+001  4.9008819e+001
  7.5976218e+001  4.4732973e+001
  6.2399977e+001  4.9535684e+001
  5.3432339e+001  5.7290635e+001
  6.4167260e+001  6.3167385e+001
  7.7854420e+001  6.4435531e+001
  9.1458390e+001  6.1150534e+001
  1.5517467e+002  5.8468169e+001
  1.6411458e+002  4.9195504e+001
  1.7766309e+002  4.2875078e+001
  1.9140571e+002  4.7178653e+001
  2.0065064e+002  5.4600847e+001
  1.9013756e+002  6.0865813e+001
  1.7802357e+002  6.2605366e+001
  1.6585413e+002  6.1309490e+001
  1.0605321e+002  2.9001233e+001
  9.5262830e+001  2.0089054e+001
  5.2655905e+001  1.4794630e+001
  4.0680568e+001  2.4122755e+001
  3.3258375e+001  3.3367691e+001
  3.6376993e+001  3.7865375e+001
  4.5400090e+001  3.3145853e+001
  5.5940902e+001  2.8398601e+001
  8.9386080e+001  3.0823975e+001
  1.0312870e+002  3.5127550e+001
  1.5150145e+002  2.3616196e+001
  1.6957538e+002  1.5694866e+001
  1.9984648e+002  1.0587127e+001
  2.1367229e+002  1.9443846e+001
  2.2145497e+002  2.9929198e+001
  2.1698502e+002  3.4565531e+001
  2.1080324e+002  2.8605592e+001
  2.0164149e+002  2.5736542e+001
  1.7586808e+002  2.7725663e+001
  1.5630417e+002  3.7192437e+001
  1.1714862e+002  5.4608270e+001
  1.1748138e+002  7.2820844e+001
  1.1179873e+002  9.4179766e+001
  9.8416601e+001  1.0960648e+002
  1.0479249e+002  1.2619042e+002
  1.2606822e+002  1.2731992e+002
  1.4276308e+002  1.2701489e+002
  1.5791249e+002  1.2521988e+002
  1.6365059e+002  1.0689638e+002
  1.4822388e+002  9.3514251e+001
  1.4325479e+002  7.0831723e+001
  1.4297749e+002  5.5654578e+001
  7.6455048e+001  1.5403615e+002
  9.7675320e+001  1.5213021e+002
  1.1588789e+002  1.5179746e+002
  1.2960278e+002  1.5458332e+002
  1.4475220e+002  1.5278831e+002
  1.5992934e+002  1.5251101e+002
  1.7516195e+002  1.5526914e+002
  1.6020664e+002  1.6768815e+002
  1.4362270e+002  1.7406404e+002
  1.2847329e+002  1.7585905e+002
  1.1175070e+002  1.7464636e+002
  9.1854031e+001  1.6590056e+002
  9.1715382e+001  1.5831199e+002
  1.0995569e+002  1.5949695e+002
  1.2974143e+002  1.6217189e+002
  1.4489085e+002  1.6037688e+002
  1.6158571e+002  1.6007185e+002
  1.4494631e+002  1.6341231e+002
  1.2979689e+002  1.6520732e+002
  1.0849343e+002  1.6256011e+002
  1.0880874e+001  5.5031640e+001
  1.1324551e+001  7.9315072e+001
  1.4831386e+001  1.0506076e+002
  2.1345920e+001  1.2923327e+002
  2.9378169e+001  1.5337805e+002
  4.0418117e+001  1.7594966e+002
  5.7501193e+001  1.9689264e+002
  7.7508779e+001  2.1170930e+002
  1.0049634e+002  2.2343506e+002
  1.2638067e+002  2.2751680e+002
  1.4903547e+002  2.2103000e+002
  1.7157935e+002  2.0847233e+002
  1.9103234e+002  1.9293470e+002
  2.0584900e+002  1.7292712e+002
  2.1608478e+002  1.5148501e+002
  2.2322967e+002  1.2706293e+002
  2.2885686e+002  1.0266857e+002
  2.2990317e+002  7.6839698e+001
  2.2945949e+002  5.2556267e+001
