  1.0037709e+002  5.5363411e+001
  9.1226013e+001  4.9351020e+001
  7.7540161e+001  4.6405974e+001
  6.5413461e+001  4.9524279e+001
  5.6364298e+001  5.8695742e+001
  6.8531765e+001  6.1650979e+001
  7.9160464e+001  6.1579637e+001
  9.1297355e+001  5.9979718e+001
  1.5505935e+002  5.8033280e+001
  1.6562690e+002  4.8851625e+001
  1.7927199e+002  4.5723128e+001
  1.9143945e+002  4.8678365e+001
  1.9755376e+002  5.4711140e+001
  1.9000260e+002  6.0835641e+001
  1.7634732e+002  6.2445752e+001
  1.6417986e+002  5.9490515e+001
  9.8603914e+001  1.7413967e+001
  8.1871099e+001  1.2970919e+001
  5.9085126e+001  1.1605410e+001
  4.6999193e+001  2.0797256e+001
  3.9458224e+001  2.8440142e+001
  4.2515378e+001  3.1456530e+001
  5.0076730e+001  2.6850415e+001
  6.2203430e+001  2.3732110e+001
  7.8926054e+001  2.6656772e+001
  9.7156871e+001  2.8052857e+001
  1.5024940e+002  2.0104219e+001
  1.6994765e+002  1.3898185e+001
  1.9424181e+002  1.3735117e+001
  2.0642966e+002  1.9727125e+001
  2.1712970e+002  3.0284481e+001
  2.1259493e+002  3.3351827e+001
  2.0344385e+002  2.7339435e+001
  1.8976819e+002  2.5912776e+001
  1.7307614e+002  2.7543270e+001
  1.5486571e+002  2.9183956e+001
  1.1403237e+002  5.3753300e+001
  1.1264648e+002  7.3502503e+001
  1.0518704e+002  9.3292472e+001
  9.9225610e+001  1.1003548e+002
  1.0689907e+002  1.2213160e+002
  1.2054416e+002  1.1900311e+002
  1.3269124e+002  1.1892157e+002
  1.4789548e+002  1.2185643e+002
  1.5387729e+002  1.0815019e+002
  1.4465487e+002  9.1509101e+001
  1.3997742e+002  7.3319051e+001
  1.3833673e+002  5.5108618e+001
  8.2839313e+001  1.5721754e+002
  1.0102936e+002  1.5254008e+002
  1.1465407e+002  1.4637481e+002
  1.2529296e+002  1.4782186e+002
  1.3591146e+002  1.4623213e+002
  1.5265447e+002  1.5219356e+002
  1.6939747e+002  1.5815499e+002
  1.5430535e+002  1.7192238e+002
  1.4067045e+002  1.7656926e+002
  1.2548660e+002  1.7667118e+002
  1.0876398e+002  1.7374652e+002
  9.8104702e+001  1.6926270e+002
  9.5006780e+001  1.6017277e+002
  1.1168864e+002  1.5702389e+002
  1.2687249e+002  1.5692198e+002
  1.4358492e+002  1.5832825e+002
  1.6029735e+002  1.5973453e+002
  1.4361550e+002  1.6288341e+002
  1.2691326e+002  1.6299552e+002
  1.1020083e+002  1.6158924e+002
  2.7453825e+001  4.9779072e+001
  2.7667851e+001  8.1665167e+001
  2.9359496e+001  1.0746753e+002
  3.1061333e+001  1.3478827e+002
  3.5779557e+001  1.5905187e+002
  4.3534551e+001  1.8329507e+002
  5.8861090e+001  2.0445055e+002
  8.0220404e+001  2.1949172e+002
  1.0457572e+002  2.2843897e+002
  1.2889027e+002  2.3131267e+002
  1.5468244e+002  2.2810264e+002
  1.7891546e+002  2.1882926e+002
  2.0008113e+002  2.0502111e+002
  2.1360391e+002  1.8367199e+002
  2.2255116e+002  1.5931667e+002
  2.2693306e+002  1.3347354e+002
  2.3132514e+002  1.0914880e+002
  2.3418866e+002  8.3315862e+001
  2.3247663e+002  5.4476730e+001
