  1.0116858e+002  5.1734004e+001
  9.2051597e+001  4.2767785e+001
  7.8464073e+001  3.9866988e+001
  6.4939364e+001  4.4500857e+001
  5.7467515e+001  5.2098338e+001
  6.3532937e+001  5.6568885e+001
  7.8627395e+001  5.9457119e+001
  9.0657733e+001  5.6342746e+001
  1.5389867e+002  4.9787357e+001
  1.6287745e+002  4.2177312e+001
  1.7641473e+002  3.9050377e+001
  1.8698838e+002  4.1976300e+001
  1.9610536e+002  5.0942519e+001
  1.8860839e+002  5.5526135e+001
  1.7656548e+002  5.7133574e+001
  1.6600439e+002  5.5714584e+001
  1.0547580e+002  2.6078452e+001
  8.5835416e+001  2.0214041e+001
  5.7191124e+001  1.8945810e+001
  4.3678979e+001  2.5086612e+001
  3.3230953e+001  3.7230019e+001
  3.9283812e+001  4.0193633e+001
  4.6755661e+001  3.2596151e+001
  6.1799866e+001  2.9456652e+001
  8.2922056e+001  3.2294633e+001
  1.0254988e+002  3.6652110e+001
  1.5221585e+002  2.8702857e+001
  1.6871674e+002  1.9523063e+001
  1.9881771e+002  1.4750998e+001
  2.1396242e+002  2.3666964e+001
  2.2010322e+002  3.7179109e+001
  2.1560755e+002  4.0230665e+001
  2.0799750e+002  3.1251883e+001
  1.9741128e+002  2.6819026e+001
  1.7331292e+002  2.8526971e+001
  1.5527997e+002  3.4705463e+001
  1.1622534e+002  5.0101439e+001
  1.1341249e+002  7.4237495e+001
  1.0604115e+002  9.3890442e+001
  9.7112616e+001  1.0752822e+002
  9.7238249e+001  1.2259755e+002
  1.2142456e+002  1.3143814e+002
  1.3498696e+002  1.3132507e+002
  1.5902251e+002  1.2208246e+002
  1.5740250e+002  1.0853262e+002
  1.4674090e+002  9.5058167e+001
  1.3903035e+002  7.4023920e+001
  1.3730984e+002  4.8418620e+001
  8.5484302e+001  1.5886445e+002
  1.0051594e+002  1.5421802e+002
  1.1553502e+002  1.4806465e+002
  1.2762818e+002  1.5248495e+002
  1.3815158e+002  1.4938314e+002
  1.5173911e+002  1.5228394e+002
  1.6985999e+002  1.5665398e+002
  1.5338423e+002  1.6884764e+002
  1.3987209e+002  1.7498844e+002
  1.2782919e+002  1.7659588e+002
  1.1124036e+002  1.7522714e+002
  9.9147206e+001  1.7080685e+002
  1.0055363e+002  1.5873882e+002
  1.1412859e+002  1.6013268e+002
  1.2618406e+002  1.6003218e+002
  1.4125339e+002  1.5990654e+002
  1.5632272e+002  1.5978091e+002
  1.4276032e+002  1.5989398e+002
  1.2770356e+002  1.6152655e+002
  1.1412859e+002  1.6013268e+002
  2.7303726e+001  4.9335737e+001
  2.4503435e+001  7.4978727e+001
  2.3210077e+001  1.0060915e+002
  2.6450082e+001  1.2770882e+002
  3.4210886e+001  1.5477080e+002
  4.3453497e+001  1.7880635e+002
  5.8711277e+001  2.0128472e+002
  7.8439603e+001  2.1769766e+002
  1.0116923e+002  2.3257854e+002
  1.2833172e+002  2.3687320e+002
  1.5240496e+002  2.3215139e+002
  1.7790975e+002  2.1837542e+002
  1.9737425e+002  2.0314276e+002
  2.1225513e+002  1.8041314e+002
  2.1958879e+002  1.5623939e+002
  2.2387088e+002  1.2756997e+002
  2.2816554e+002  1.0040748e+002
  2.2945890e+002  7.4777058e+001
  2.3075226e+002  4.9146632e+001
