  9.5357119e+001  5.4853051e+001
  8.6295323e+001  4.2666728e+001
  7.2640272e+001  3.9573380e+001
  6.0478892e+001  4.2560722e+001
  5.1336032e+001  5.0116376e+001
  6.1941384e+001  5.6234480e+001
  7.2559208e+001  5.9315357e+001
  8.6232966e+001  5.7852864e+001
  1.5459552e+002  5.2059014e+001
  1.6374462e+002  4.2984747e+001
  1.7743085e+002  3.8485027e+001
  1.9107966e+002  4.3096989e+001
  2.0167254e+002  5.2252320e+001
  1.8949869e+002  5.8276889e+001
  1.7734355e+002  5.9745617e+001
  1.6520711e+002  5.6658505e+001
  1.0607471e+002  3.3636110e+001
  8.6376386e+001  2.2924752e+001
  6.3615889e+001  1.8275376e+001
  4.8411047e+001  2.2768860e+001
  3.6230959e+001  3.0312043e+001
  3.9243244e+001  3.6398969e+001
  5.1423331e+001  2.8855786e+001
  6.5090853e+001  2.8911907e+001
  8.3295510e+001  3.3542576e+001
  1.0300631e+002  4.1216707e+001
  1.5013945e+002  2.7742490e+001
  1.7142498e+002  2.1755335e+001
  1.9269805e+002  1.8805407e+001
  2.0785300e+002  2.6460831e+001
  2.1693351e+002  3.4091313e+001
  2.1235896e+002  3.8628447e+001
  2.0325975e+002  3.5553806e+001
  1.9264816e+002  3.0954316e+001
  1.7138133e+002  3.2385630e+001
  1.5314550e+002  3.5348029e+001
  1.1359919e+002  5.0372038e+001
  1.1351189e+002  7.1632628e+001
  1.1038736e+002  9.2880747e+001
  1.0121333e+002  1.0802947e+002
  1.0418820e+002  1.2322808e+002
  1.2089918e+002  1.2177805e+002
  1.3304809e+002  1.2182794e+002
  1.4974660e+002  1.2341515e+002
  1.5283995e+002  1.0976010e+002
  1.4531548e+002  9.3024168e+001
  1.4084694e+002  7.1744870e+001
  1.3941562e+002  5.0478044e+001
  8.1246865e+001  1.6261850e+002
  9.6476651e+001  1.5205056e+002
  1.1168773e+002  1.4603846e+002
  1.2534278e+002  1.4913181e+002
  1.3902277e+002  1.4615070e+002
  1.5570258e+002  1.5229375e+002
  1.7086377e+002  1.5843056e+002
  1.5714637e+002  1.7052335e+002
  1.4497251e+002  1.7654791e+002
  1.2977391e+002  1.7952279e+002
  1.1155678e+002  1.7792934e+002
  9.7920436e+001  1.7028016e+002
  9.3402009e+001  1.6114977e+002
  1.0860062e+002  1.5817490e+002
  1.2833636e+002  1.5977457e+002
  1.4655972e+002  1.5984940e+002
  1.6022724e+002  1.5990552e+002
  1.4655972e+002  1.5984940e+002
  1.2833636e+002  1.5977457e+002
  1.0860062e+002  1.5817490e+002
  1.9451382e+001  4.8466814e+001
  1.9345376e+001  7.4283245e+001
  2.5307588e+001  1.0164323e+002
  3.1276037e+001  1.2748461e+002
  3.7250721e+001  1.5180737e+002
  4.6256396e+001  1.7766121e+002
  5.9830383e+001  2.0049654e+002
  7.9497532e+001  2.1880096e+002
  1.0222062e+002  2.3256202e+002
  1.2953695e+002  2.3723010e+002
  1.5537209e+002  2.3278027e+002
  1.7972603e+002  2.1921252e+002
  1.9803669e+002  1.9802675e+002
  2.1178528e+002  1.7834090e+002
  2.2099673e+002  1.5408049e+002
  2.2565858e+002  1.2828277e+002
  2.3183904e+002  1.0249128e+002
  2.3650088e+002  7.6693557e+001
  2.4419372e+002  5.2426918e+001
