  1.0000172e+002  5.6063648e+001
  9.2359815e+001  5.0089904e+001
  8.0207770e+001  4.7196788e+001
  6.8140958e+001  5.1877391e+001
  6.0618377e+001  5.6506855e+001
  6.8209143e+001  5.7936367e+001
  8.0344142e+001  5.9314740e+001
  9.2462093e+001  5.9178368e+001
  1.5603020e+002  5.3918187e+001
  1.6353573e+002  4.7773979e+001
  1.7715139e+002  4.6105817e+001
  1.8930343e+002  4.8998934e+001
  2.0148957e+002  5.4921538e+001
  1.8790801e+002  5.9619188e+001
  1.7730480e+002  5.9738513e+001
  1.6516980e+002  5.8360140e+001
  1.1332758e+002  2.8644839e+001
  9.2018886e+001  1.9795025e+001
  6.6234146e+001  1.7055326e+001
  4.8142450e+001  2.4833603e+001
  3.7658567e+001  3.5556136e+001
  4.2253939e+001  4.0049229e+001
  5.1274217e+001  3.3887974e+001
  6.7919354e+001  3.2185719e+001
  8.7628072e+001  3.3478860e+001
  1.1041742e+002  3.9282140e+001
  1.4503493e+002  1.9198400e+001
  1.6925378e+002  1.7410913e+001
  1.8889432e+002  1.2645078e+001
  2.0713943e+002  1.8499497e+001
  2.1627903e+002  2.2941450e+001
  2.1333478e+002  3.0549263e+001
  2.0118273e+002  2.7656147e+001
  1.8904773e+002  2.6277774e+001
  1.6939015e+002  2.9528865e+001
  1.4821783e+002  3.2797003e+001
  1.1662981e+002  5.2846650e+001
  1.1535372e+002  7.4070112e+001
  1.0646981e+002  9.2349318e+001
  9.9049508e+001  1.0606725e+002
  1.0677665e+002  1.1961471e+002
  1.2032411e+002  1.1188757e+002
  1.3547155e+002  1.1171711e+002
  1.5221897e+002  1.1910332e+002
  1.5654159e+002  9.9360506e+001
  1.4583611e+002  9.0391367e+001
  1.3807488e+002  7.3814416e+001
  1.3935097e+002  5.2590953e+001
  8.6064577e+001  1.6378094e+002
  9.9577947e+001  1.5302431e+002
  1.1763555e+002  1.4221654e+002
  1.2677515e+002  1.4665850e+002
  1.3734427e+002  1.4350968e+002
  1.5259399e+002  1.5242769e+002
  1.6939254e+002  1.6435813e+002
  1.5427919e+002  1.6755808e+002
  1.4369303e+002  1.6919215e+002
  1.2856264e+002  1.7087735e+002
  1.1492994e+002  1.7103077e+002
  1.0128020e+002  1.6966945e+002
  9.6650738e+001  1.6214687e+002
  1.1322769e+002  1.5438564e+002
  1.2536269e+002  1.5576401e+002
  1.3746359e+002  1.5411289e+002
  1.5266217e+002  1.5848666e+002
  1.3748064e+002  1.5562764e+002
  1.2536269e+002  1.5576401e+002
  1.1324474e+002  1.5590038e+002
  2.1200941e+001  5.3920574e+001
  1.5431754e+001  7.9739408e+001
  1.7236287e+001  1.0547301e+002
  2.2087355e+001  1.3268726e+002
  2.8436120e+001  1.5836972e+002
  3.4801931e+001  1.8556693e+002
  4.8673277e+001  2.0661993e+002
  7.1564901e+001  2.2151167e+002
  9.7417827e+001  2.3031035e+002
  1.2624910e+002  2.3453070e+002
  1.5196566e+002  2.3121142e+002
  1.7763107e+002  2.2334791e+002
  2.0321126e+002  2.0791068e+002
  2.2116658e+002  1.8801445e+002
  2.2996526e+002  1.6216153e+002
  2.3117316e+002  1.3487909e+002
  2.3387877e+002  1.0606486e+002
  2.3205719e+002  7.8816513e+001
  2.2873791e+002  5.3099959e+001
