  1.0010616e+002  5.5612332e+001
  9.2589338e+001  4.7953625e+001
  8.1994845e+001  4.4819200e+001
  6.9826045e+001  4.7740798e+001
  6.0649786e+001  5.5243432e+001
  6.9712537e+001  5.9881221e+001
  8.0335407e+001  5.9980540e+001
  9.2475830e+001  6.0094048e+001
  1.5322051e+002  5.6108928e+001
  1.6238258e+002  5.0123847e+001
  1.7455138e+002  4.7202249e+001
  1.8516006e+002  4.8819121e+001
  1.9419444e+002  5.6492016e+001
  1.8507493e+002  5.7924438e+001
  1.7442369e+002  6.0860225e+001
  1.6231164e+002  5.7711611e+001
  1.0197842e+002  1.7687698e+001
  8.0775250e+001  1.2936401e+001
  6.0976120e+001  2.0339716e+001
  4.8793132e+001  2.4778867e+001
  3.8127696e+001  2.9232206e+001
  4.4141154e+001  3.5359171e+001
  5.1757295e+001  3.2395008e+001
  6.2422731e+001  2.7941668e+001
  7.7640825e+001  2.3530894e+001
  1.0338247e+002  2.9842310e+001
  1.5049755e+002  2.2694388e+001
  1.7028249e+002  1.6808626e+001
  1.8999649e+002  1.8510629e+001
  2.0512945e+002  2.3205172e+001
  2.1263209e+002  3.2381432e+001
  2.0952604e+002  3.9940819e+001
  2.0202341e+002  3.0764560e+001
  1.8837962e+002  2.9119311e+001
  1.7168654e+002  2.8963238e+001
  1.5192997e+002  3.1813893e+001
  1.1834517e+002  5.2747487e+001
  1.1665736e+002  7.0943933e+001
  1.1043107e+002  8.7580261e+001
  9.9666318e+001  1.0265647e+002
  1.0558046e+002  1.1940631e+002
  1.2082693e+002  1.1196043e+002
  1.3600246e+002  1.1210231e+002
  1.5265297e+002  1.1681104e+002
  1.5580159e+002  1.0469900e+002
  1.4834152e+002  9.0970078e+001
  1.4093820e+002  7.1170949e+001
  1.3957672e+002  5.4463679e+001
  8.5497558e+001  1.5716068e+002
  1.0074403e+002  1.4971480e+002
  1.1750805e+002  1.4228311e+002
  1.3115184e+002  1.4392836e+002
  1.4482400e+002  1.4253850e+002
  1.5842523e+002  1.4873641e+002
  1.6744541e+002  1.5792685e+002
  1.5675160e+002  1.6541530e+002
  1.4305106e+002  1.6984026e+002
  1.2937890e+002  1.7123012e+002
  1.1423174e+002  1.6805313e+002
  1.0060214e+002  1.6489033e+002
  1.0219064e+002  1.5731675e+002
  1.1590537e+002  1.5137424e+002
  1.2956335e+002  1.5150193e+002
  1.4625643e+002  1.5165801e+002
  1.5987184e+002  1.5633836e+002
  1.4618548e+002  1.5924577e+002
  1.2949240e+002  1.5908970e+002
  1.1279932e+002  1.5893362e+002
  2.1250165e+001  4.8804320e+001
  1.7931290e+001  7.9127001e+001
  2.0711003e+001  1.0647133e+002
  2.4994081e+001  1.3534740e+002
  2.9305536e+001  1.6118836e+002
  3.8169649e+001  1.8707189e+002
  5.4649904e+001  2.0999126e+002
  7.4207830e+001  2.2838634e+002
  9.9906910e+001  2.3925042e+002
  1.2869785e+002  2.4407266e+002
  1.5604218e+002  2.4129294e+002
  1.7890479e+002  2.3088290e+002
  1.9731406e+002  2.0980742e+002
  2.1118487e+002  1.8717182e+002
  2.1901383e+002  1.6144437e+002
  2.2532525e+002  1.3570272e+002
  2.2860156e+002  1.0993270e+002
  2.3036032e+002  8.4148491e+001
  2.2909815e+002  5.6818351e+001
