  9.7596263e+001  5.6396671e+001
  8.8389885e+001  4.7446691e+001
  7.3195486e+001  4.3121266e+001
  5.8129287e+001  4.7874020e+001
  5.0649604e+001  5.4032972e+001
  6.1304912e+001  5.8422497e+001
  7.6456578e+001  5.9721862e+001
  8.8560816e+001  5.9550930e+001
  1.5811746e+002  5.5542012e+001
  1.6708880e+002  4.7848663e+001
  1.8213364e+002  4.1582879e+001
  1.9581501e+002  4.5929670e+001
  2.0348699e+002  5.3387987e+001
  1.9142548e+002  5.6584979e+001
  1.8236867e+002  5.8226208e+001
  1.6875140e+002  5.8418506e+001
  1.0631121e+002  3.0546964e+001
  8.5021961e+001  2.3280946e+001
  6.9827563e+001  1.8955521e+001
  4.7196215e+001  2.3815108e+001
  3.6690471e+001  3.0016793e+001
  3.8267601e+001  3.4534516e+001
  4.7281680e+001  2.9867228e+001
  6.8464099e+001  2.9568097e+001
  8.3637130e+001  3.2380492e+001
  1.0339198e+002  3.8154847e+001
  1.5323650e+002  3.1397633e+001
  1.6676831e+002  2.5153216e+001
  1.8483920e+002  1.8844698e+001
  2.0303829e+002  2.1614360e+001
  2.1516390e+002  2.2956458e+001
  2.1373633e+002  2.9029944e+001
  2.0011906e+002  2.9222242e+001
  1.8496740e+002  2.7922877e+001
  1.6987983e+002  3.1162602e+001
  1.5783969e+002  3.5872623e+001
  1.1419686e+002  5.3135580e+001
  1.1451735e+002  7.5831028e+001
  1.0716587e+002  9.1068159e+001
  9.8365456e+001  1.1086575e+002
  1.0910623e+002  1.2130739e+002
  1.2421516e+002  1.1958070e+002
  1.3629804e+002  1.1789673e+002
  1.5300546e+002  1.2220079e+002
  1.5581786e+002  1.0702776e+002
  1.4799631e+002  8.8978234e+001
  1.4173053e+002  7.3933401e+001
  1.4143140e+002  5.2750983e+001
  8.0914192e+001  1.6105213e+002
  1.0041265e+002  1.4867013e+002
  1.1848354e+002  1.4236161e+002
  1.2909612e+002  1.4372507e+002
  1.3966596e+002  1.4206248e+002
  1.5336869e+002  1.4792230e+002
  1.7318765e+002  1.5823574e+002
  1.5362509e+002  1.6607866e+002
  1.4160632e+002  1.7230171e+002
  1.2805315e+002  1.7703310e+002
  1.1439315e+002  1.7419933e+002
  9.9156016e+001  1.6684785e+002
  9.6023124e+001  1.5932543e+002
  1.0961903e+002  1.5762011e+002
  1.2777538e+002  1.5736371e+002
  1.4744477e+002  1.5708594e+002
  1.5805735e+002  1.5844941e+002
  1.4744477e+002  1.5708594e+002
  1.2777538e+002  1.5736371e+002
  1.0961903e+002  1.5762011e+002
  2.0367640e+001  5.2947272e+001
  1.9217841e+001  7.8690146e+001
  2.1094101e+001  1.0439029e+002
  2.6017787e+001  1.3156072e+002
  3.0920107e+001  1.5721813e+002
  4.0340150e+001  1.8129841e+002
  5.4277916e+001  2.0380156e+002
  7.4203702e+001  2.2168016e+002
  9.8561745e+001  2.3192950e+002
  1.2583902e+002  2.3457096e+002
  1.5149642e+002  2.2966864e+002
  1.7557670e+002  2.2024860e+002
  1.9503243e+002  2.0484054e+002
  2.1288965e+002  1.8340172e+002
  2.2162597e+002  1.5906505e+002
  2.2733622e+002  1.3477110e+002
  2.3302511e+002  1.0896413e+002
  2.3864990e+002  7.8618066e+001
  2.3826531e+002  5.1383528e+001
