  9.6041954e+001  6.0445383e+001
  8.5336167e+001  5.0053534e+001
  7.1728552e+001  4.7241403e+001
  5.8255483e+001  5.3471116e+001
  5.0832733e+001  6.1118106e+001
  5.9941850e+001  6.5504484e+001
  7.3527040e+001  6.6809641e+001
  8.5560408e+001  6.5123274e+001
  1.5785031e+002  6.1032968e+001
  1.6525064e+002  5.1879004e+001
  1.7874613e+002  4.7156265e+001
  1.9235375e+002  4.9968395e+001
  2.0301468e+002  5.7346297e+001
  1.9406254e+002  6.3508737e+001
  1.7901522e+002  6.5239953e+001
  1.6693700e+002  6.3912372e+001
  1.0758199e+002  2.5605588e+001
  9.3884680e+001  1.6765561e+001
  5.4658508e+001  1.4334640e+001
  3.8216338e+001  2.3623149e+001
  2.6339939e+001  3.5858334e+001
  3.0928134e+001  4.0311984e+001
  4.2871805e+001  3.2597721e+001
  5.6389723e+001  2.9381956e+001
  8.6551627e+001  3.0440448e+001
  1.0474744e+002  3.7706228e+001
  1.4975484e+002  2.3470739e+001
  1.7829765e+002  1.7016784e+001
  2.0092468e+002  1.8187397e+001
  2.1606169e+002  2.2484078e+001
  2.2526051e+002  3.2898351e+001
  2.2231383e+002  3.7464121e+001
  2.1167532e+002  3.1593194e+001
  2.0110408e+002  3.0243189e+001
  1.7849947e+002  3.0579550e+001
  1.5294818e+002  3.5481682e+001
  1.1860172e+002  5.7095073e+001
  1.1740868e+002  7.8215133e+001
  1.1009805e+002  9.3396994e+001
  9.9728625e+001  1.0560976e+002
  1.0598076e+002  1.2058980e+002
  1.2102808e+002  1.1885858e+002
  1.3911177e+002  1.1858949e+002
  1.5573333e+002  1.2135678e+002
  1.6003001e+002  1.0621976e+002
  1.5080877e+002  9.4298517e+001
  1.4152026e+002  7.7856348e+001
  1.3972178e+002  5.8288110e+001
  8.3891907e+001  1.5558656e+002
  9.7409825e+001  1.5237080e+002
  1.1994716e+002  1.4751351e+002
  1.3054083e+002  1.5037049e+002
  1.4104480e+002  1.4719958e+002
  1.5163847e+002  1.5005656e+002
  1.6976700e+002  1.5280141e+002
  1.5784575e+002  1.6202265e+002
  1.4284329e+002  1.6676781e+002
  1.2930294e+002  1.6847661e+002
  1.1421078e+002  1.6719387e+002
  9.9051343e+001  1.6139022e+002
  1.0049105e+002  1.5684687e+002
  1.1254684e+002  1.5666748e+002
  1.3063053e+002  1.5639839e+002
  1.4417087e+002  1.5468960e+002
  1.6074758e+002  1.5444293e+002
  1.4421571e+002  1.5770355e+002
  1.3067537e+002  1.5941234e+002
  1.1256926e+002  1.5817445e+002
  8.5477650e+000  5.5718086e+001
  7.3995770e+000  7.9852094e+001
  9.3101850e+000  1.0695520e+002
  1.5696867e+001  1.3097709e+002
  2.3612947e+001  1.5648353e+002
  3.9019048e+001  1.7886390e+002
  5.5864852e+001  1.9670092e+002
  7.8693703e+001  2.1143430e+002
  1.0143286e+002  2.2013978e+002
  1.2862566e+002  2.2425707e+002
  1.5116300e+002  2.1939978e+002
  1.7212609e+002  2.1004400e+002
  1.9450646e+002  1.9463790e+002
  2.1081409e+002  1.7630755e+002
  2.2253351e+002  1.5352354e+002
  2.2822505e+002  1.3082924e+002
  2.3236476e+002  1.0514341e+002
  2.3654932e+002  8.2471524e+001
  2.3619054e+002  5.8359940e+001
