  9.8534467e+001  5.6505179e+001
  9.0729526e+001  4.7517385e+001
  7.6953386e+001  4.4748749e+001
  6.4825019e+001  4.8044296e+001
  5.5837226e+001  5.5849236e+001
  6.6596771e+001  6.0203657e+001
  7.8787128e+001  5.9955699e+001
  8.9422695e+001  5.8214942e+001
  1.5793146e+002  5.3772590e+001
  1.6688826e+002  4.4443855e+001
  1.8054042e+002  4.1117313e+001
  1.9282376e+002  4.5440739e+001
  2.0520008e+002  5.4335548e+001
  1.9154792e+002  5.7662090e+001
  1.8091235e+002  5.9402847e+001
  1.6713621e+002  5.6634211e+001
  1.0236198e+002  1.9841126e+001
  8.2490659e+001  1.7196468e+001
  5.3445579e+001  1.3213985e+001
  4.2933991e+001  2.1049920e+001
  3.4039182e+001  3.3426245e+001
  3.8734544e+001  3.9428439e+001
  4.7753332e+001  3.3147292e+001
  6.1405493e+001  2.9820751e+001
  8.2738617e+001  2.9386825e+001
  9.8069546e+001  3.3648261e+001
  1.4816880e+002  2.3482668e+001
  1.7242553e+002  1.6891574e+001
  1.9522046e+002  1.3379064e+001
  2.1061338e+002  2.0688090e+001
  2.1997311e+002  3.1168683e+001
  2.1403290e+002  3.8911635e+001
  2.0628995e+002  3.2971430e+001
  1.9400661e+002  2.8648004e+001
  1.7422828e+002  3.0574730e+001
  1.5454293e+002  3.7072840e+001
  1.1526521e+002  5.4640442e+001
  1.1423733e+002  7.9052149e+001
  1.0689731e+002  9.2921274e+001
  9.6540699e+001  1.0837618e+002
  1.0443862e+002  1.2193536e+002
  1.1653600e+002  1.1711602e+002
  1.3025015e+002  1.1683707e+002
  1.5012147e+002  1.1948172e+002
  1.5289010e+002  1.0570558e+002
  1.4499218e+002  9.2146406e+001
  1.3858705e+002  7.7032439e+001
  1.3659833e+002  5.4206516e+001
  8.9944552e+001  1.5881637e+002
  1.0655132e+002  1.5085646e+002
  1.1867969e+002  1.4756091e+002
  1.2639164e+002  1.5197732e+002
  1.3699621e+002  1.4871277e+002
  1.5083434e+002  1.5452900e+002
  1.6464148e+002  1.5882143e+002
  1.5114429e+002  1.6976694e+002
  1.4053972e+002  1.7303149e+002
  1.2688756e+002  1.7635804e+002
  1.1158762e+002  1.7362039e+002
  1.0232088e+002  1.6771118e+002
  1.0216590e+002  1.6009221e+002
  1.1127768e+002  1.5838245e+002
  1.2502282e+002  1.5962729e+002
  1.3870598e+002  1.5782454e+002
  1.5248212e+002  1.6059318e+002
  1.3870598e+002  1.5782454e+002
  1.2502282e+002  1.5962729e+002
  1.1127768e+002  1.5838245e+002
  1.9142178e+001  5.0497932e+001
  2.1254873e+001  7.9419033e+001
  2.6353166e+001  1.0523056e+002
  2.9927666e+001  1.3107307e+002
  3.6549754e+001  1.5685360e+002
  4.6157442e+001  1.7952455e+002
  6.1829313e+001  2.0054773e+002
  8.0486784e+001  2.1846132e+002
  1.0209886e+002  2.3174155e+002
  1.2806536e+002  2.3426223e+002
  1.5235308e+002  2.2919493e+002
  1.7343825e+002  2.1657065e+002
  1.9446143e+002  2.0089878e+002
  2.1237502e+002  1.8224130e+002
  2.2559326e+002  1.5758164e+002
  2.3116153e+002  1.3155315e+002
  2.3218941e+002  1.0714145e+002
  2.3620288e+002  7.9620160e+001
  2.3713778e+002  5.0637070e+001
