  1.0058051e+002  5.3296776e+001
  9.2993972e+001  4.5663057e+001
  8.0822481e+001  4.4103289e+001
  7.0158863e+001  4.7114317e+001
  5.9481092e+001  5.4691424e+001
  6.8603813e+001  5.7763782e+001
  8.0770586e+001  6.0845576e+001
  9.2951512e+001  5.9361292e+001
  1.5231996e+002  5.6501230e+001
  1.5995840e+002  4.7392662e+001
  1.7214404e+002  4.4386352e+001
  1.8582813e+002  4.8994890e+001
  1.9494613e+002  5.3589274e+001
  1.8427779e+002  5.8122328e+001
  1.7209215e+002  6.1128639e+001
  1.6144268e+002  5.9573589e+001
  1.0219689e+002  2.2860973e+001
  8.5468760e+001  1.8243000e+001
  6.2643087e+001  1.6650208e+001
  4.8925982e+001  2.2695853e+001
  3.8252928e+001  2.8750933e+001
  4.1278110e+001  3.4848472e+001
  5.1951163e+001  2.8793392e+001
  6.2614781e+001  2.5782364e+001
  8.2396402e+001  2.7365720e+001
  1.0064184e+002  3.3510437e+001
  1.5090644e+002  2.1489913e+001
  1.7070694e+002  1.6985165e+001
  1.9505935e+002  1.7060649e+001
  2.1026074e+002  2.3195930e+001
  2.1631111e+002  3.5391009e+001
  2.1174031e+002  3.6898882e+001
  2.0568051e+002  2.7747855e+001
  1.9503577e+002  2.4670779e+001
  1.7371796e+002  2.7648783e+001
  1.5392691e+002  2.9109479e+001
  1.1580077e+002  5.3343953e+001
  1.1421742e+002  7.3125574e+001
  1.0807270e+002  9.1371016e+001
  9.7357188e+001  1.1112433e+002
  1.0492958e+002  1.2332413e+002
  1.2167658e+002  1.2185400e+002
  1.3537482e+002  1.2189646e+002
  1.5363441e+002  1.2347509e+002
  1.5824767e+002  1.0826899e+002
  1.4764538e+002  9.1493676e+001
  1.4009658e+002  7.1683749e+001
  1.3863588e+002  5.1892693e+001
  8.8078783e+001  1.5827883e+002
  1.0179117e+002  1.5375521e+002
  1.1855705e+002  1.4619698e+002
  1.2920179e+002  1.4927405e+002
  1.4138744e+002  1.4626774e+002
  1.5659354e+002  1.5088100e+002
  1.7179493e+002  1.5701628e+002
  1.5959042e+002  1.6611069e+002
  1.4433713e+002  1.7671770e+002
  1.3063418e+002  1.7819727e+002
  1.1389661e+002  1.7662335e+002
  1.0021725e+002  1.7049278e+002
  9.5684195e+001  1.5982445e+002
  1.1242648e+002  1.5987634e+002
  1.2916405e+002  1.6145026e+002
  1.4592049e+002  1.5693608e+002
  1.5961401e+002  1.5850056e+002
  1.4591577e+002  1.5845810e+002
  1.2915933e+002  1.6297229e+002
  1.1394379e+002  1.6140309e+002
  1.8400542e+001  4.9997967e+001
  1.6803032e+001  7.4345666e+001
  1.9762166e+001  1.0175157e+002
  2.2716581e+001  1.3067950e+002
  2.7197740e+001  1.5809012e+002
  3.7776439e+001  1.8247556e+002
  5.5974704e+001  2.0384054e+002
  7.5709148e+001  2.2064416e+002
  1.0001911e+002  2.3441788e+002
  1.2892817e+002  2.3755157e+002
  1.5482148e+002  2.3154366e+002
  1.7616759e+002  2.1943350e+002
  1.9601054e+002  2.0123052e+002
  2.1129684e+002  1.7996933e+002
  2.2049977e+002  1.5716725e+002
  2.2362874e+002  1.2978021e+002
  2.2523097e+002  1.0391049e+002
  2.2987253e+002  7.9572224e+001
  2.2995273e+002  5.3697781e+001
