  9.8282061e+001  5.8690572e+001
  8.7598050e+001  4.9789155e+001
  7.5490275e+001  4.6941626e+001
  6.3466930e+001  5.0126877e+001
  5.3015104e+001  5.7815605e+001
  6.2127596e+001  6.2213544e+001
  7.5722459e+001  6.3531771e+001
  8.7766911e+001  6.1854715e+001
  1.5557236e+002  5.6380288e+001
  1.6600308e+002  4.7183365e+001
  1.8104282e+002  4.3955899e+001
  1.9317170e+002  4.8311623e+001
  2.0389792e+002  6.0229430e+001
  1.9334056e+002  6.0377183e+001
  1.8129611e+002  6.2054239e+001
  1.6619305e+002  6.0757120e+001
  1.0537978e+002  2.6912939e+001
  9.1700483e+001  1.9561933e+001
  6.5976738e+001  1.3887982e+001
  4.6454634e+001  2.0195160e+001
  3.5981699e+001  2.6375694e+001
  3.9061412e+001  3.0858063e+001
  4.8047259e+001  2.6206833e+001
  6.6082276e+001  2.1428957e+001
  8.7302544e+001  2.8674425e+001
  1.0093962e+002  3.3009042e+001
  1.5816660e+002  2.6174173e+001
  1.7469342e+002  2.1417405e+001
  1.9122025e+002  1.6660636e+001
  2.0940302e+002  2.2440125e+001
  2.1552023e+002  2.8388475e+001
  2.1252494e+002  2.9938885e+001
  2.0793704e+002  2.5477623e+001
  1.9283398e+002  2.4180504e+001
  1.7632826e+002  3.0445467e+001
  1.6128853e+002  3.3672933e+001
  1.1784638e+002  5.5399783e+001
  1.1508328e+002  7.3540338e+001
  1.0630851e+002  9.3273519e+001
  9.8957504e+001  1.0695281e+002
  1.0371427e+002  1.2347963e+002
  1.2019888e+002  1.1570648e+002
  1.3377263e+002  1.1551651e+002
  1.5348471e+002  1.2278308e+002
  1.5779822e+002  1.0763781e+002
  1.4853797e+002  9.2682506e+001
  1.4074370e+002  7.4689704e+001
  1.3745291e+002  5.5125384e+001
  8.0089735e+001  1.6001404e+002
  9.8082537e+001  1.5221977e+002
  1.1460936e+002  1.4746300e+002
  1.2822533e+002  1.5028942e+002
  1.4477326e+002  1.4704085e+002
  1.5838923e+002  1.4986727e+002
  1.7208963e+002  1.5872647e+002
  1.5711322e+002  1.6647852e+002
  1.4513209e+002  1.7268016e+002
  1.2858416e+002  1.7592874e+002
  1.1496819e+002  1.7310232e+002
  9.9844023e+001  1.7029700e+002
  9.8188075e+001  1.5976074e+002
  1.1322781e+002  1.5653328e+002
  1.2833087e+002  1.5783040e+002
  1.4339171e+002  1.5611113e+002
  1.6002407e+002  1.5889533e+002
  1.4345503e+002  1.6063571e+002
  1.2839419e+002  1.6235498e+002
  1.1329113e+002  1.6105786e+002
  1.2251624e+001  5.5369120e+001
  1.2610453e+001  8.1008435e+001
  1.4498584e+001  1.0813484e+002
  1.9403106e+001  1.3521902e+002
  2.8811105e+001  1.6073169e+002
  4.1172171e+001  1.8167756e+002
  5.8036715e+001  2.0105191e+002
  7.9383629e+001  2.1734655e+002
  1.0219652e+002  2.3060369e+002
  1.2938625e+002  2.3324015e+002
  1.5341183e+002  2.2536145e+002
  1.7435770e+002  2.1300038e+002
  1.9375316e+002  1.9764404e+002
  2.0853960e+002  1.7631823e+002
  2.1880146e+002  1.5505575e+002
  2.2298832e+002  1.3086130e+002
  2.2566699e+002  1.0668797e+002
  2.2679525e+002  7.9519351e+001
  2.2645753e+002  5.5388231e+001
