  9.8571374e+001  5.1607200e+001
  9.1045495e+001  4.8452684e+001
  8.0514236e+001  4.3733338e+001
  6.6853316e+001  4.5024753e+001
  5.7663184e+001  5.0936090e+001
  6.8194443e+001  5.5655436e+001
  7.7285152e+001  5.5804571e+001
  8.9406097e+001  5.6003419e+001
  1.5612101e+002  5.4066843e+001
  1.6228090e+002  4.8105794e+001
  1.7750665e+002  4.3808999e+001
  1.9106815e+002  4.8578057e+001
  1.9854432e+002  5.4762809e+001
  1.8637366e+002  5.7594198e+001
  1.7576783e+002  5.7420206e+001
  1.6215662e+002  5.5681385e+001
  1.0651980e+002  2.9004707e+001
  9.6087968e+001  1.8224889e+001
  5.8309438e+001  1.1543018e+001
  4.7579331e+001  1.8944617e+001
  3.5309250e+001  2.7836479e+001
  4.1270299e+001  3.3996375e+001
  5.3440956e+001  3.1164986e+001
  6.2581377e+001  2.8283886e+001
  8.9778936e+001  3.3276647e+001
  1.0485555e+002  3.8070560e+001
  1.4136752e+002  2.9576394e+001
  1.6270345e+002  2.2348786e+001
  1.9313010e+002  1.5270313e+001
  2.0815700e+002  2.3094463e+001
  2.1707372e+002  3.3849426e+001
  2.1096353e+002  3.6780239e+001
  2.0502734e+002  2.9105224e+001
  1.9295611e+002  2.5876140e+001
  1.6712453e+002  2.9998944e+001
  1.5033395e+002  3.7301120e+001
  1.1521282e+002  5.3395733e+001
  1.1337457e+002  7.3067413e+001
  1.0396074e+002  9.2614814e+001
  9.6161443e+001  1.0612660e+002
  1.0356304e+002  1.1685670e+002
  1.2179417e+002  1.1412474e+002
  1.3543024e+002  1.1434844e+002
  1.5204682e+002  1.1765209e+002
  1.5830614e+002  1.0563057e+002
  1.4797373e+002  8.8790281e+001
  1.3913158e+002  7.3489964e+001
  1.3796445e+002  5.2253454e+001
  8.7691039e+001  1.6054657e+002
  1.0294164e+002  1.5473466e+002
  1.1824196e+002  1.4589251e+002
  1.3031319e+002  1.4912159e+002
  1.4399897e+002  1.4631506e+002
  1.5597078e+002  1.5560462e+002
  1.7102254e+002  1.6191365e+002
  1.5726219e+002  1.6926553e+002
  1.4501697e+002  1.7664228e+002
  1.2984093e+002  1.7790884e+002
  1.1319949e+002  1.7612030e+002
  1.0120282e+002  1.6834587e+002
  9.9787128e+001  1.6226054e+002
  1.1352262e+002  1.5642377e+002
  1.2864894e+002  1.5818745e+002
  1.4534010e+002  1.5694574e+002
  1.5584650e+002  1.6318021e+002
  1.4521582e+002  1.6452133e+002
  1.2852466e+002  1.6576304e+002
  1.1188322e+002  1.6397450e+002
  1.6804706e+001  4.7234744e+001
  1.7797849e+001  7.9077081e+001
  2.0405535e+001  1.0488380e+002
  2.3013221e+001  1.3069052e+002
  3.0141405e+001  1.5808693e+002
  4.0349537e+001  1.8250281e+002
  5.5152736e+001  2.0396302e+002
  7.6140687e+001  2.1794707e+002
  9.8693467e+001  2.2892574e+002
  1.3041153e+002  2.3550818e+002
  1.5472798e+002  2.3136052e+002
  1.7914387e+002  2.2115239e+002
  1.9911382e+002  2.0480922e+002
  2.1314757e+002  1.8079103e+002
  2.2112086e+002  1.5667342e+002
  2.2457365e+002  1.3096612e+002
  2.2802643e+002  1.0525883e+002
  2.2998896e+002  7.8011556e+001
  2.3038665e+002  5.3769665e+001
