  1.0229399e+002  5.5333730e+001
  9.1647725e+001  4.6344761e+001
  7.6512597e+001  4.3434556e+001
  6.2944899e+001  4.8069449e+001
  5.6944765e+001  5.4159445e+001
  6.4546027e+001  6.0148347e+001
  7.6658623e+001  6.3081017e+001
  9.1760052e+001  6.1457424e+001
  1.5366580e+002  5.3440551e+001
  1.6418850e+002  4.5805590e+001
  1.7776744e+002  4.2681963e+001
  1.9139130e+002  4.5603401e+001
  2.0051506e+002  5.3092336e+001
  1.9299242e+002  5.7682298e+001
  1.7943596e+002  6.3828458e+001
  1.6581210e+002  6.0907020e+001
  1.0208056e+002  2.6619671e+001
  8.0889138e+001  2.2243131e+001
  5.9708945e+001  1.9377856e+001
  4.9163780e+001  2.3990284e+001
  4.1652379e+001  3.0091513e+001
  4.3208577e+001  3.6125345e+001
  5.2242476e+001  3.1524150e+001
  6.1287608e+001  2.8434221e+001
  8.0956534e+001  3.1310728e+001
  1.0214796e+002  3.5687269e+001
  1.5044108e+002  2.6260224e+001
  1.6853135e+002  2.0080366e+001
  1.9418917e+002  1.5355611e+001
  2.0781304e+002  1.8277049e+001
  2.1693680e+002  2.5765984e+001
  2.1394796e+002  3.0322248e+001
  2.0484667e+002  2.5855846e+001
  1.9123404e+002  2.4445674e+001
  1.7161004e+002  2.7614232e+001
  1.5199728e+002  3.2294056e+001
  1.1587292e+002  5.2210103e+001
  1.1450768e+002  7.1867796e+001
  1.0857494e+002  8.7025390e+001
  9.9619667e+001  1.0220545e+002
  1.0428826e+002  1.2030695e+002
  1.1785596e+002  1.1567205e+002
  1.3145735e+002  1.1557096e+002
  1.5112628e+002  1.1844746e+002
  1.5555898e+002  1.0481237e+002
  1.4636783e+002  8.8255838e+001
  1.4021043e+002  7.3188106e+001
  1.3854191e+002  5.2041612e+001
  8.7978846e+001  1.6274596e+002
  1.0302411e+002  1.5356604e+002
  1.1506931e+002  1.4743111e+002
  1.2719314e+002  1.5187505e+002
  1.3774954e+002  1.4877388e+002
  1.4987337e+002  1.5321782e+002
  1.6506466e+002  1.6368436e+002
  1.5303069e+002  1.7133055e+002
  1.4249676e+002  1.7745424e+002
  1.2889536e+002  1.7755534e+002
  1.1377147e+002  1.7615640e+002
  1.0314767e+002  1.7018996e+002
  9.7035211e+001  1.6116730e+002
  1.1213664e+002  1.5954370e+002
  1.2726054e+002  1.6094264e+002
  1.4237320e+002  1.6083032e+002
  1.5447456e+002  1.6225172e+002
  1.4237320e+002  1.6083032e+002
  1.2726054e+002  1.6094264e+002
  1.1213664e+002  1.5954370e+002
  2.0651910e+001  5.1406498e+001
  1.9331601e+001  7.7109257e+001
  2.4056356e+001  1.0276708e+002
  3.1803643e+001  1.2840245e+002
  3.6528398e+001  1.5406027e+002
  4.4264453e+001  1.7818437e+002
  5.8034340e+001  2.0075227e+002
  7.6304328e+001  2.1875267e+002
  9.9063183e+001  2.3067431e+002
  1.2631091e+002  2.3651719e+002
  1.5196873e+002  2.3179243e+002
  1.7454787e+002  2.1953381e+002
  1.9862703e+002  2.0575269e+002
  2.1358244e+002  1.8448264e+002
  2.2397034e+002  1.5871248e+002
  2.2830195e+002  1.3147599e+002
  2.3112230e+002  1.0425073e+002
  2.3395387e+002  7.8536742e+001
  2.3074038e+002  5.2867681e+001
