  1.0080556e+002  5.6144278e+001
  9.1697353e+001  4.5631068e+001
  8.1112333e+001  4.1160741e+001
  6.7557733e+001  4.5758729e+001
  5.8545270e+001  5.3350233e+001
  6.6120816e+001  5.9345243e+001
  7.9707331e+001  6.0782160e+001
  9.0260436e+001  5.9217582e+001
  1.5511971e+002  5.5857041e+001
  1.6261546e+002  4.6764790e+001
  1.7465336e+002  4.0666055e+001
  1.8825583e+002  4.5120424e+001
  1.9885681e+002  5.2608204e+001
  1.8982839e+002  5.7182255e+001
  1.7625783e+002  5.8762791e+001
  1.6569675e+002  5.8818642e+001
  1.0364748e+002  2.2936344e+001
  9.0029050e+001  1.5464522e+001
  6.1355274e+001  1.4107394e+001
  4.6315884e+001  2.3239539e+001
  3.7295442e+001  2.9322316e+001
  4.0336831e+001  3.3832538e+001
  5.0881957e+001  3.0759233e+001
  6.2935809e+001  2.7677951e+001
  8.7067450e+001  2.6041563e+001
  1.0066194e+002  2.8987207e+001
  1.4740054e+002  2.2704959e+001
  1.5943844e+002  1.6606224e+001
  1.8507082e+002  1.3453131e+001
  2.1075108e+002  1.9352397e+001
  2.1835057e+002  2.9873586e+001
  2.1535705e+002  3.4415722e+001
  2.0778948e+002  2.9929438e+001
  1.8664338e+002  2.5514962e+001
  1.6403642e+002  3.0160823e+001
  1.5349130e+002  3.3234127e+001
  1.1586889e+002  5.1538312e+001
  1.1598857e+002  7.4169205e+001
  1.1004941e+002  9.2305835e+001
  9.9568115e+001  1.0744895e+002
  1.0266536e+002  1.2252025e+002
  1.2077805e+002  1.2393323e+002
  1.3284786e+002  1.2386940e+002
  1.5395407e+002  1.2074025e+002
  1.5688375e+002  1.0412830e+002
  1.4475011e+002  9.2122322e+001
  1.3861946e+002  7.4049523e+001
  1.3699105e+002  5.1426608e+001
  8.4760111e+001  1.6033415e+002
  1.0134014e+002  1.5722893e+002
  1.1489474e+002  1.5263095e+002
  1.2698051e+002  1.5558457e+002
  1.4055106e+002  1.5400403e+002
  1.5566226e+002  1.5845042e+002
  1.7076548e+002  1.6138809e+002
  1.5271662e+002  1.7204492e+002
  1.3916202e+002  1.7664291e+002
  1.2710019e+002  1.7821546e+002
  1.1350570e+002  1.7526982e+002
  9.8386520e+001  1.6931470e+002
  9.6845878e+001  1.6328778e+002
  1.1342591e+002  1.6018256e+002
  1.2701242e+002  1.6161947e+002
  1.4058298e+002  1.6003894e+002
  1.5569418e+002  1.6448533e+002
  1.4061490e+002  1.6607384e+002
  1.2704434e+002  1.6765438e+002
  1.1496655e+002  1.6620948e+002
  2.3836589e+001  5.2025019e+001
  2.2463502e+001  7.7681343e+001
  2.5616594e+001  1.0331373e+002
  3.0278413e+001  1.2893814e+002
  3.4932252e+001  1.5305382e+002
  4.4112270e+001  1.7714557e+002
  5.9311236e+001  1.9818795e+002
  7.7511696e+001  2.1619692e+002
  1.0020642e+002  2.2814704e+002
  1.2739541e+002  2.3403833e+002
  1.5301184e+002  2.2786779e+002
  1.7557890e+002  2.1567829e+002
  1.9511255e+002  2.0048731e+002
  2.1310556e+002  1.7926940e+002
  2.2203026e+002  1.5508190e+002
  2.2793750e+002  1.3091037e+002
  2.3382879e+002  1.0372138e+002
  2.3670262e+002  7.6548353e+001
  2.3355751e+002  5.2424691e+001
