  1.0086539e+002  5.5379377e+001
  9.1813601e+001  4.7847825e+001
  8.1257555e+001  4.4840456e+001
  6.9198394e+001  4.7864951e+001
  6.1664559e+001  5.3901381e+001
  7.0715208e+001  5.9925253e+001
  8.1268972e+001  5.9917261e+001
  9.1821593e+001  5.8401588e+001
  1.5514417e+002  5.8353636e+001
  1.6116805e+002  4.9302987e+001
  1.7322606e+002  4.4770811e+001
  1.8378097e+002  4.6270500e+001
  1.9434158e+002  5.5308591e+001
  1.8529893e+002  5.9838483e+001
  1.7474630e+002  6.1354155e+001
  1.6268486e+002  6.1363289e+001
  1.0686986e+002  2.0698159e+001
  8.4252365e+001  1.7699924e+001
  6.0128335e+001  1.6210511e+001
  4.6563778e+001  2.2251508e+001
  3.4510326e+001  3.2814405e+001
  3.9037934e+001  3.8841702e+001
  5.1092528e+001  2.9786486e+001
  6.4659369e+001  2.6760849e+001
  8.2751534e+001  2.6747149e+001
  1.0687785e+002  3.1251923e+001
  1.4757951e+002  2.3682694e+001
  1.6868361e+002  1.9143668e+001
  1.9582072e+002  1.7615437e+001
  2.0637905e+002  2.3638167e+001
  2.1392430e+002  3.2678541e+001
  2.1091123e+002  3.5696186e+001
  2.0336826e+002  2.9671172e+001
  1.9582871e+002  2.8169200e+001
  1.7019929e+002  2.9696290e+001
  1.5060287e+002  3.4234174e+001
  1.1744760e+002  5.2351457e+001
  1.1595362e+002  7.0444765e+001
  1.1144427e+002  8.8540356e+001
  1.0090193e+002  1.0362515e+002
  1.0543639e+002  1.1869853e+002
  1.2352627e+002  1.1566947e+002
  1.3709539e+002  1.1565920e+002
  1.5217334e+002  1.1715546e+002
  1.5668725e+002  1.0509059e+002
  1.4762975e+002  9.0020635e+001
  1.4158418e+002  7.0425356e+001
  1.4006280e+002  5.2334332e+001
  8.8883869e+001  1.6092614e+002
  1.0395382e+002  1.5186864e+002
  1.1600956e+002  1.4432111e+002
  1.2807215e+002  1.4581966e+002
  1.4013245e+002  1.4430284e+002
  1.5370728e+002  1.5183097e+002
  1.7029976e+002  1.6237217e+002
  1.5522638e+002  1.6690663e+002
  1.4467604e+002  1.7143767e+002
  1.2809155e+002  1.7145022e+002
  1.1150707e+002  1.7146278e+002
  1.0094874e+002  1.6544005e+002
  1.0094417e+002  1.5940933e+002
  1.1451101e+002  1.5638369e+002
  1.2958782e+002  1.5637228e+002
  1.4466462e+002  1.5636086e+002
  1.5823603e+002  1.5936595e+002
  1.4466691e+002  1.5937622e+002
  1.2959010e+002  1.5938764e+002
  1.1451330e+002  1.5939906e+002
  2.0954902e+001  5.0916847e+001
  1.9467772e+001  7.8056237e+001
  1.7980643e+001  1.0519563e+002
  2.1016555e+001  1.3233159e+002
  2.5560147e+001  1.5946642e+002
  3.4625639e+001  1.8509013e+002
  4.9720711e+001  2.0920161e+002
  7.2346194e+001  2.2275360e+002
  1.0100011e+002  2.3328567e+002
  1.2814065e+002  2.3628048e+002
  1.5527661e+002  2.3324457e+002
  1.8240801e+002  2.2417794e+002
  2.0350412e+002  2.0908515e+002
  2.1554844e+002  1.8646081e+002
  2.2155975e+002  1.6082567e+002
  2.2455456e+002  1.3368514e+002
  2.2905705e+002  1.0654347e+002
  2.2903536e+002  7.7897539e+001
  2.2449405e+002  5.3778076e+001
