  9.5740538e+001  5.6745471e+001
  8.9656186e+001  5.2262158e+001
  7.7538649e+001  4.9341506e+001
  6.3960788e+001  5.2479623e+001
  5.4930200e+001  5.7090858e+001
  6.5549034e+001  6.1535795e+001
  7.7653778e+001  6.2944953e+001
  8.9732938e+001  6.1331122e+001
  1.5621309e+002  5.7745281e+001
  1.6521809e+002  5.0111058e+001
  1.7729725e+002  4.8497227e+001
  1.8940200e+002  4.9906384e+001
  1.9852213e+002  5.5875607e+001
  1.8949154e+002  6.0486842e+001
  1.7742518e+002  6.3612167e+001
  1.6532043e+002  6.2203010e+001
  9.7021774e+001  2.9525787e+001
  7.5784105e+001  2.0635912e+001
  5.6070723e+001  1.3244740e+001
  4.1006951e+001  1.9418637e+001
  3.0516038e+001  3.0088640e+001
  3.5076104e+001  3.3073252e+001
  4.2569613e+001  2.5451821e+001
  5.6160267e+001  2.3825198e+001
  7.4349364e+001  2.9717669e+001
  9.4088331e+001  4.0131829e+001
  1.5443296e+002  2.6016699e+001
  1.7705420e+002  1.9778841e+001
  2.0268564e+002  1.2003905e+001
  2.1485435e+002  2.0970532e+001
  2.2098987e+002  3.1499822e+001
  2.1800526e+002  3.6059888e+001
  2.1037103e+002  2.7054884e+001
  2.0126369e+002  2.2597155e+001
  1.8166544e+002  2.8809429e+001
  1.5904420e+002  3.5047286e+001
  1.1537717e+002  5.5067680e+001
  1.1403197e+002  7.4729894e+001
  1.0664080e+002  9.4443277e+001
  9.7674172e+001  1.0661198e+002
  1.0081229e+002  1.2018984e+002
  1.1895022e+002  1.2003634e+002
  1.3557665e+002  1.1989563e+002
  1.5220308e+002  1.1975491e+002
  1.5662244e+002  1.0611309e+002
  1.4746393e+002  9.5609384e+001
  1.4123886e+002  7.4499636e+001
  1.3956107e+002  5.4863006e+001
  8.5991567e+001  1.5508213e+002
  9.8057935e+001  1.5195680e+002
  1.1162301e+002  1.4730719e+002
  1.2675074e+002  1.4869076e+002
  1.3731840e+002  1.4708972e+002
  1.5247172e+002  1.5149629e+002
  1.6761224e+002  1.5439135e+002
  1.5411113e+002  1.6659843e+002
  1.4057165e+002  1.7427103e+002
  1.2549509e+002  1.7893344e+002
  1.1036735e+002  1.7754986e+002
  9.8224233e+001  1.7160622e+002
  9.5098908e+001  1.5953986e+002
  1.1020106e+002  1.5790044e+002
  1.2684028e+002  1.5927122e+002
  1.4344113e+002  1.5610752e+002
  1.5554588e+002  1.5751668e+002
  1.4346672e+002  1.5913051e+002
  1.2686587e+002  1.6229421e+002
  1.1022664e+002  1.6092343e+002
  2.1651747e+001  5.4349297e+001
  2.3367915e+001  7.8520409e+001
  2.6608369e+001  1.0419022e+002
  3.1347525e+001  1.2833575e+002
  3.7610967e+001  1.5397998e+002
  4.6871813e+001  1.7657564e+002
  6.2165842e+001  1.9760863e+002
  8.0444484e+001  2.1408156e+002
  1.0324482e+002  2.2900462e+002
  1.3047729e+002  2.3179735e+002
  1.5311132e+002  2.2707099e+002
  1.7568140e+002  2.1478715e+002
  1.9667602e+002  1.9495864e+002
  2.1163745e+002  1.7669279e+002
  2.2203882e+002  1.5544233e+002
  2.2786733e+002  1.2969576e+002
  2.3219714e+002  1.0547348e+002
  2.3802565e+002  7.9726917e+001
  2.3933247e+002  5.5530220e+001
