  1.0242273e+002  5.8829245e+001
  9.5083165e+001  4.5204938e+001
  8.3117726e+001  4.0540096e+001
  6.8029403e+001  4.4854204e+001
  6.0417043e+001  5.2271712e+001
  6.9357023e+001  5.8400570e+001
  7.9838960e+001  6.1542940e+001
  9.1862854e+001  6.1698822e+001
  1.5354377e+002  5.7988756e+001
  1.6119510e+002  4.7565275e+001
  1.7329693e+002  4.1709210e+001
  1.8678484e+002  4.4890550e+001
  1.9867234e+002  5.5567340e+001
  1.8809298e+002  5.9939903e+001
  1.7452713e+002  6.2770510e+001
  1.6252272e+002  6.1111641e+001
  1.0140688e+002  2.1235091e+001
  7.4470025e+001  1.1866436e+001
  5.6434184e+001  1.1632613e+001
  4.2790391e+001  2.0475167e+001
  3.8106064e+001  3.3943592e+001
  4.4098526e+001  3.5524520e+001
  5.0188414e+001  2.9590514e+001
  6.0767777e+001  2.5217950e+001
  7.2811156e+001  2.3870845e+001
  9.9748007e+001  3.3239500e+001
  1.4647699e+002  2.3322634e+001
  1.6609376e+002  1.7563995e+001
  1.9628989e+002  7.4327920e+000
  2.1416985e+002  1.9690509e+001
  2.1854242e+002  3.0269872e+001
  2.1399449e+002  3.3217390e+001
  2.0657698e+002  2.5605030e+001
  1.9306958e+002  2.3926676e+001
  1.6595737e+002  2.8084903e+001
  1.4934657e+002  3.3882512e+001
  1.1604704e+002  5.1489678e+001
  1.1577424e+002  7.2531493e+001
  1.1257342e+002  8.7522391e+001
  1.0179920e+002  1.0692482e+002
  1.0605486e+002  1.2652211e+002
  1.1809824e+002  1.2517500e+002
  1.3463109e+002  1.2538934e+002
  1.4964147e+002  1.2708718e+002
  1.5438426e+002  1.0910979e+002
  1.4113017e+002  8.7892610e+001
  1.3679657e+002  7.4307273e+001
  1.3556638e+002  5.3245973e+001
  9.0537858e+001  1.6390192e+002
  9.9653205e+001  1.5650390e+002
  1.1630297e+002  1.4770032e+002
  1.2830738e+002  1.4935919e+002
  1.4037024e+002  1.4650909e+002
  1.5684464e+002  1.5123239e+002
  1.6871266e+002  1.6341217e+002
  1.5504938e+002  1.7375771e+002
  1.4142507e+002  1.8109728e+002
  1.2787871e+002  1.8242489e+002
  1.1136534e+002  1.8070757e+002
  9.7916395e+001  1.7452026e+002
  9.9575264e+001  1.6251585e+002
  1.1314112e+002  1.5968524e+002
  1.2817098e+002  1.5988009e+002
  1.4171735e+002  1.5855247e+002
  1.5672773e+002  1.6025031e+002
  1.4165889e+002  1.6306143e+002
  1.2811253e+002  1.6438905e+002
  1.1308266e+002  1.6419420e+002
  2.5867832e+001  5.0320565e+001
  2.7039570e+001  7.5890825e+001
  2.8211308e+001  1.0146109e+002
  3.0886033e+001  1.2705083e+002
  3.5063744e+001  1.5266006e+002
  4.5272888e+001  1.7684425e+002
  6.1552435e+001  1.9659741e+002
  8.0876925e+001  2.1338358e+002
  1.0324636e+002  2.2720273e+002
  1.2869971e+002  2.3504892e+002
  1.5280595e+002  2.3085172e+002
  1.7552612e+002  2.1761712e+002
  1.9379579e+002  1.9981510e+002
  2.1058195e+002  1.8049061e+002
  2.2289812e+002  1.5810169e+002
  2.2623534e+002  1.3258988e+002
  2.2957257e+002  1.0707808e+002
  2.3292927e+002  8.0063288e+001
  2.3324104e+002  5.6015500e+001
