  9.8107295e+001  5.7169354e+001
  8.9093215e+001  4.7899753e+001
  7.6946681e+001  4.4682127e+001
  6.4714974e+001  4.7559061e+001
  5.5487960e+001  5.3525861e+001
  6.6089561e+001  5.8245835e+001
  7.8257388e+001  5.9939821e+001
  8.8944162e+001  5.8565234e+001
  1.5448198e+002  5.7957205e+001
  1.6375158e+002  4.8943125e+001
  1.7750693e+002  4.6087484e+001
  1.8965346e+002  4.9305111e+001
  1.9871013e+002  5.5527431e+001
  1.8798077e+002  5.9949298e+001
  1.7729399e+002  6.1323885e+001
  1.6510487e+002  6.1153538e+001
  1.0462772e+002  2.6781725e+001
  8.7952854e+001  2.0452939e+001
  4.9883145e+001  1.8396967e+001
  3.7566265e+001  2.7368461e+001
  3.2824998e+001  3.9493701e+001
  3.8876972e+001  4.2626155e+001
  4.3554359e+001  3.5071834e+001
  5.4305012e+001  2.9126327e+001
  8.4735227e+001  3.2599473e+001
  1.0297632e+002  3.5902272e+001
  1.5342679e+002  2.4415830e+001
  1.7638786e+002  1.7117029e+001
  1.9617389e+002  1.8917482e+001
  2.0982277e+002  2.3680042e+001
  2.1883685e+002  3.2949642e+001
  2.1572569e+002  3.7477976e+001
  2.0514538e+002  3.1234363e+001
  1.9450119e+002  2.9561669e+001
  1.7771986e+002  3.0851083e+001
  1.5482267e+002  3.3578964e+001
  1.1795720e+002  5.4398886e+001
  1.1768039e+002  7.4206207e+001
  1.1442018e+002  8.9400021e+001
  1.0358435e+002  1.0144009e+002
  1.0487376e+002  1.1822142e+002
  1.2159122e+002  1.2150293e+002
  1.3682762e+002  1.2171586e+002
  1.5365154e+002  1.1737917e+002
  1.5538811e+002  1.0216406e+002
  1.4339063e+002  8.8280954e+001
  1.4053499e+002  7.4525606e+001
  1.3930946e+002  5.3173352e+001
  9.0607378e+001  1.5764443e+002
  1.0135803e+002  1.5169892e+002
  1.1670090e+002  1.4429365e+002
  1.2884743e+002  1.4751128e+002
  1.4107914e+002  1.4463434e+002
  1.5318309e+002  1.5089925e+002
  1.6374210e+002  1.5866650e+002
  1.5449379e+002  1.6615694e+002
  1.4374314e+002  1.7210245e+002
  1.3000909e+002  1.7343445e+002
  1.1327034e+002  1.7167658e+002
  1.0266874e+002  1.6695661e+002
  1.0429885e+002  1.5935970e+002
  1.1496433e+002  1.5950876e+002
  1.3020073e+002  1.5972169e+002
  1.4543713e+002  1.5993462e+002
  1.5612390e+002  1.5856004e+002
  1.4543713e+002  1.5993462e+002
  1.3020073e+002  1.5972169e+002
  1.1496433e+002  1.5950876e+002
  1.4392265e+001  4.9903662e+001
  1.0982999e+001  7.5762957e+001
  1.3646999e+001  1.0323107e+002
  1.9379574e+001  1.2921812e+002
  2.6657082e+001  1.5370283e+002
  3.6960576e+001  1.7975376e+002
  5.1920164e+001  1.9977401e+002
  7.4561832e+001  2.1532982e+002
  1.0033595e+002  2.2483364e+002
  1.2771889e+002  2.2826420e+002
  1.5366336e+002  2.2557891e+002
  1.7816936e+002  2.1677776e+002
  1.9818961e+002  2.0181817e+002
  2.1370282e+002  1.8222378e+002
  2.2316406e+002  1.5949694e+002
  2.2964190e+002  1.3215659e+002
  2.3457481e+002  1.0631859e+002
  2.3646044e+002  8.0438004e+001
  2.3680113e+002  5.6059763e+001
