  1.0024589e+002  5.9716580e+001
  8.9511681e+001  5.0655345e+001
  7.7299822e+001  4.7700039e+001
  6.5133920e+001  5.0839173e+001
  5.7561827e+001  5.6991060e+001
  6.6749445e+001  6.3016564e+001
  7.8949814e+001  6.4448260e+001
  8.9603595e+001  6.2844225e+001
  1.5507287e+002  5.6255746e+001
  1.6566921e+002  4.7033661e+001
  1.7783511e+002  4.3894527e+001
  1.8853484e+002  4.8384932e+001
  1.9773395e+002  5.5934046e+001
  1.9015037e+002  6.0562323e+001
  1.7798447e+002  6.3701457e+001
  1.6426049e+002  6.2281251e+001
  1.0304034e+002  2.6174180e+001
  8.3175966e+001  1.8705491e+001
  5.7263106e+001  1.7377198e+001
  4.0583820e+001  2.8168851e+001
  3.1534074e+001  4.0426667e+001
  3.4615762e+001  4.4974518e+001
  4.6735707e+001  3.5740944e+001
  6.1937340e+001  3.1055221e+001
  8.4780001e+001  2.9359272e+001
  9.8526960e+001  3.3826699e+001
  1.5330799e+002  2.4271424e+001
  1.7916340e+002  1.7981666e+001
  1.9895884e+002  1.6308696e+001
  2.0815795e+002  2.3857810e+001
  2.1890364e+002  3.4442656e+001
  2.1283218e+002  3.7535833e+001
  2.0516817e+002  3.1498839e+001
  1.9446844e+002  2.7008434e+001
  1.8227955e+002  2.7100348e+001
  1.5641265e+002  3.1866496e+001
  1.1849474e+002  5.5007879e+001
  1.1710900e+002  7.3302689e+001
  1.1114094e+002  9.0108356e+001
  9.9043977e+001  1.0238915e+002
  1.0375268e+002  1.2063800e+002
  1.2199004e+002  1.1440569e+002
  1.3417892e+002  1.1431378e+002
  1.5249671e+002  1.1874674e+002
  1.5544053e+002  1.0501127e+002
  1.4466036e+002  8.9855592e+001
  1.4149825e+002  7.4642470e+001
  1.3830167e+002  5.4858518e+001
  8.1185760e+001  1.5890059e+002
  9.6329946e+001  1.4659682e+002
  1.1302072e+002  1.3732878e+002
  1.2826831e+002  1.3873750e+002
  1.4349292e+002  1.3709899e+002
  1.5727435e+002  1.4613725e+002
  1.7263683e+002  1.6278207e+002
  1.6047093e+002  1.6592120e+002
  1.4524632e+002  1.6755971e+002
  1.2848661e+002  1.6768609e+002
  1.1020329e+002  1.6782396e+002
  9.4955696e+001  1.6641524e+002
  9.7933981e+001  1.5725060e+002
  1.1007690e+002  1.5106425e+002
  1.2837171e+002  1.5244999e+002
  1.4513143e+002  1.5232360e+002
  1.6347219e+002  1.5980378e+002
  1.4513143e+002  1.5232360e+002
  1.2837171e+002  1.5244999e+002
  1.1007690e+002  1.5106425e+002
  2.0972207e+001  5.4219582e+001
  1.8120305e+001  8.0143932e+001
  1.8315623e+001  1.0604530e+002
  2.1581139e+001  1.3497091e+002
  2.4823677e+001  1.6084931e+002
  3.4160655e+001  1.8668174e+002
  4.9557605e+001  2.0789739e+002
  7.2503670e+001  2.1991393e+002
  9.9986098e+001  2.2732518e+002
  1.2743406e+002  2.3016559e+002
  1.5331245e+002  2.2692305e+002
  1.7764425e+002  2.2064478e+002
  2.0040649e+002  2.0828356e+002
  2.1701684e+002  1.8835025e+002
  2.2597467e+002  1.6390355e+002
  2.3033870e+002  1.3644410e+002
  2.3317911e+002  1.0899615e+002
  2.3448442e+002  8.0036065e+001
  2.3125337e+002  5.5681282e+001
