  9.9887873e+001  5.6648908e+001
  9.0708032e+001  4.9220207e+001
  8.0059854e+001  4.4836949e+001
  6.8008601e+001  4.8034671e+001
  6.0558145e+001  5.5702667e+001
  6.8160879e+001  5.8617587e+001
  8.0277394e+001  5.9955400e+001
  9.0838556e+001  5.8291277e+001
  1.5578264e+002  5.2820321e+001
  1.6474494e+002  4.5130572e+001
  1.7679619e+002  4.1932849e+001
  1.8895621e+002  4.6294353e+001
  1.9813605e+002  5.3723055e+001
  1.8910849e+002  5.6877269e+001
  1.7703548e+002  5.8563146e+001
  1.6491897e+002  5.7225333e+001
  1.0398833e+002  2.6346744e+001
  8.5737417e+001  1.9048566e+001
  6.3037986e+001  1.7863030e+001
  4.7984797e+001  2.2616105e+001
  3.7488896e+001  2.8815764e+001
  4.2089694e+001  3.3286037e+001
  5.2629102e+001  3.0110069e+001
  6.4680355e+001  2.6912347e+001
  8.5889695e+001  2.9631482e+001
  1.0414061e+002  3.6929660e+001
  1.4938719e+002  2.8717815e+001
  1.6593047e+002  2.2431140e+001
  1.9154482e+002  1.6013942e+001
  2.0826214e+002  2.1822029e+001
  2.1897557e+002  3.0740822e+001
  2.1599539e+002  3.3808020e+001
  2.0381362e+002  2.7934672e+001
  1.9018526e+002  2.6618612e+001
  1.6908469e+002  3.1458703e+001
  1.5100781e+002  3.6255286e+001
  1.1645291e+002  5.1874079e+001
  1.1526737e+002  7.4573510e+001
  1.0939402e+002  8.6755287e+001
  9.9072155e+001  1.0504971e+002
  1.0836077e+002  1.2003763e+002
  1.2034676e+002  1.1230438e+002
  1.3395336e+002  1.1210859e+002
  1.4613514e+002  1.1798194e+002
  1.5349858e+002  1.0426656e+002
  1.4572181e+002  8.9256882e+001
  1.3794505e+002  7.4247201e+001
  1.3610689e+002  5.1591278e+001
  9.0849489e+001  1.6414219e+002
  1.0583742e+002  1.5485358e+002
  1.1784516e+002  1.4863217e+002
  1.2693799e+002  1.5001349e+002
  1.3598730e+002  1.4837112e+002
  1.4816908e+002  1.5424447e+002
  1.6490815e+002  1.6156440e+002
  1.5592409e+002  1.6774231e+002
  1.4236099e+002  1.7096178e+002
  1.3030974e+002  1.7415950e+002
  1.1363594e+002  1.7137511e+002
  9.9964068e+001  1.6703536e+002
  1.0292250e+002  1.6245631e+002
  1.1346190e+002  1.5928035e+002
  1.2860211e+002  1.6057465e+002
  1.4369881e+002  1.5884527e+002
  1.5432523e+002  1.6171668e+002
  1.4369881e+002  1.5884527e+002
  1.2860211e+002  1.6057465e+002
  1.1346190e+002  1.5928035e+002
  1.6627620e+001  5.0286151e+001
  1.2548918e+001  8.2100161e+001
  1.5942426e+001  1.0775802e+002
  2.2359624e+001  1.3337237e+002
  2.8776822e+001  1.5898672e+002
  4.1197893e+001  1.8149037e+002
  5.6620900e+001  2.0243866e+002
  7.6535935e+001  2.2029800e+002
  1.0087774e+002  2.3053285e+002
  1.2664436e+002  2.3469857e+002
  1.5076862e+002  2.2981497e+002
  1.7480587e+002  2.1888399e+002
  1.9726601e+002  2.0343923e+002
  2.1361350e+002  1.8354595e+002
  2.2384835e+002  1.5920415e+002
  2.3103776e+002  1.3339401e+002
  2.3369163e+002  1.0764914e+002
  2.3630200e+002  7.8880573e+001
  2.3439858e+002  5.1689114e+001
