  1.0103065e+002  5.8912388e+001
  9.3340392e+001  4.8348515e+001
  7.9629276e+001  4.3914954e+001
  6.4467669e+001  4.7089559e+001
  5.3903796e+001  5.4779811e+001
  6.3058221e+001  5.9254415e+001
  7.6755656e+001  6.2169079e+001
  9.0412047e+001  6.0527053e+001
  1.5569726e+002  5.6900971e+001
  1.6472855e+002  4.7705503e+001
  1.7835758e+002  4.3025682e+001
  1.9204133e+002  4.4421449e+001
  2.0123680e+002  5.3452745e+001
  1.9368336e+002  5.8077841e+001
  1.8002697e+002  5.9719868e+001
  1.6635690e+002  5.9842998e+001
  1.0382218e+002  3.1544880e+001
  8.2475535e+001  2.2623034e+001
  6.1169934e+001  1.8257878e+001
  4.2997895e+001  2.4497639e+001
  3.3925556e+001  2.9136417e+001
  3.5471815e+001  3.2160530e+001
  4.4557835e+001  2.9040649e+001
  5.9746805e+001  2.8903838e+001
  8.1038725e+001  3.1750097e+001
  1.0085279e+002  3.9166727e+001
  1.5546468e+002  3.1079723e+001
  1.7515561e+002  2.4826281e+001
  1.9334133e+002  2.0105417e+001
  2.0703877e+002  2.3020081e+001
  2.2076357e+002  2.8972539e+001
  2.1927203e+002  3.2024014e+001
  2.0861239e+002  2.9081987e+001
  1.9495600e+002  3.0724014e+001
  1.7674292e+002  3.2407084e+001
  1.6008977e+002  3.8633164e+001
  1.1615121e+002  5.1181092e+001
  1.1634274e+002  7.2445650e+001
  1.1197759e+002  9.3751251e+001
  1.0146844e+002  1.0751709e+002
  1.0462936e+002  1.2115980e+002
  1.2133723e+002  1.2100931e+002
  1.3652620e+002  1.2087250e+002
  1.5323407e+002  1.2072201e+002
  1.5614873e+002  1.0702457e+002
  1.4387443e+002  9.3463948e+001
  1.3912620e+002  7.2240433e+001
  1.3742945e+002  5.2508454e+001
  8.5212050e+001  1.5779118e+002
  1.0034630e+002  1.5157878e+002
  1.1550790e+002  1.4840418e+002
  1.2767276e+002  1.4981363e+002
  1.3981025e+002  1.4818528e+002
  1.5654548e+002  1.5107258e+002
  1.6876506e+002  1.5855762e+002
  1.5668229e+002  1.6626155e+002
  1.4457216e+002  1.7092769e+002
  1.2939687e+002  1.7258340e+002
  1.1267533e+002  1.7121500e+002
  1.0048311e+002  1.6676775e+002
  9.8895804e+001  1.5918695e+002
  1.1253851e+002  1.5602603e+002
  1.2926006e+002  1.5739443e+002
  1.4291645e+002  1.5575241e+002
  1.5965168e+002  1.5863971e+002
  1.4294382e+002  1.5879020e+002
  1.2928742e+002  1.6043222e+002
  1.1256588e+002  1.5906382e+002
  1.4398793e+001  5.3616623e+001
  1.1593578e+001  7.9465233e+001
  1.6369166e+001  1.0372654e+002
  2.1172117e+001  1.3102564e+002
  2.8999181e+001  1.5677849e+002
  4.1369254e+001  1.8097139e+002
  5.6736078e+001  2.0058024e+002
  7.5127015e+001  2.1864283e+002
  9.9538815e+001  2.3057511e+002
  1.2692000e+002  2.3488554e+002
  1.5268653e+002  2.2857737e+002
  1.7536053e+002  2.1622098e+002
  1.9343681e+002  1.9934894e+002
  2.0844792e+002  1.7946647e+002
  2.2038020e+002  1.5505467e+002
  2.2620953e+002  1.2765980e+002
  2.3053364e+002  1.0179751e+002
  2.3485775e+002  7.5935215e+001
  2.3311996e+002  5.1646544e+001
