  9.9778083e+001  5.4542501e+001
  9.2165808e+001  4.7007379e+001
  7.8517718e+001  4.4047337e+001
  6.6415230e+001  4.7138539e+001
  5.7365368e+001  5.4758531e+001
  6.6469238e+001  5.7741718e+001
  7.8594872e+001  5.9194736e+001
  9.0705075e+001  5.7618273e+001
  1.5581574e+002  5.2742295e+001
  1.6335087e+002  4.5130019e+001
  1.7545335e+002  4.2038817e+001
  1.8759442e+002  4.6521314e+001
  1.9519898e+002  5.2541696e+001
  1.8764071e+002  5.5609753e+001
  1.7553051e+002  5.7186215e+001
  1.6340487e+002  5.5733198e+001
  1.0722062e+002  2.8753348e+001
  8.5967972e+001  1.9772923e+001
  6.1701274e+001  1.3837409e+001
  4.6592452e+001  2.1488261e+001
  3.6020134e+001  2.7601228e+001
  4.0602931e+001  3.5151781e+001
  5.2697703e+001  3.0545839e+001
  6.3285452e+001  2.7462352e+001
  8.4514955e+001  3.1898557e+001
  1.0271498e+002  3.6350193e+001
  1.5113265e+002  2.5500124e+001
  1.6472673e+002  1.7856987e+001
  1.9348364e+002  1.3166176e+001
  2.0411768e+002  1.9171128e+001
  2.1625875e+002  2.3653625e+001
  2.1326784e+002  3.1242755e+001
  2.0264152e+002  2.6752542e+001
  1.8900114e+002  2.5307241e+001
  1.6932496e+002  2.8437019e+001
  1.5419299e+002  3.1543652e+001
  1.1339531e+002  5.1443584e+001
  1.1198087e+002  7.1142917e+001
  1.0602221e+002  9.0865396e+001
  9.7026355e+001  1.0908857e+002
  1.0012527e+002  1.2270579e+002
  1.1677198e+002  1.1959145e+002
  1.3040464e+002  1.1952201e+002
  1.4859695e+002  1.2245890e+002
  1.5155699e+002  1.0881082e+002
  1.4237597e+002  9.0680229e+001
  1.3620899e+002  6.9504732e+001
  1.3611641e+002  5.1327854e+001
  8.3663733e+001  1.6217390e+002
  1.0179432e+002  1.5299288e+002
  1.1388138e+002  1.4687219e+002
  1.2449999e+002  1.4984767e+002
  1.3661019e+002  1.4827120e+002
  1.5179617e+002  1.5576775e+002
  1.6848916e+002  1.6174184e+002
  1.5188103e+002  1.7242989e+002
  1.3827152e+002  1.7704354e+002
  1.2463886e+002  1.7711298e+002
  1.1099849e+002  1.7566768e+002
  9.8857423e+001  1.7118518e+002
  9.4266912e+001  1.6211989e+002
  1.0487009e+002  1.6206588e+002
  1.2456942e+002  1.6348032e+002
  1.4274630e+002  1.6338774e+002
  1.5789370e+002  1.6331059e+002
  1.4274630e+002  1.6338774e+002
  1.2456942e+002  1.6348032e+002
  1.0487009e+002  1.6206588e+002
  3.4628840e+001  5.1844781e+001
  3.3237545e+001  7.6088333e+001
  3.3368706e+001  1.0183891e+002
  3.8044086e+001  1.2756634e+002
  4.2719466e+001  1.5329377e+002
  5.0416610e+001  1.7749103e+002
  6.4164998e+001  2.0014269e+002
  7.9412696e+001  2.1975716e+002
  1.0219552e+002  2.3175935e+002
  1.2799239e+002  2.4071663e+002
  1.5370439e+002  2.3301177e+002
  1.7788622e+002  2.2228514e+002
  1.9900770e+002  2.0551499e+002
  2.1404709e+002  1.8423148e+002
  2.2451911e+002  1.5842689e+002
  2.3043919e+002  1.3113072e+002
  2.3635928e+002  1.0383454e+002
  2.3774285e+002  7.8076245e+001
  2.3760398e+002  5.0810927e+001
