  9.8568190e+001  5.5439327e+001
  8.9540111e+001  4.6366400e+001
  7.8988665e+001  4.3323404e+001
  6.6913853e+001  4.6310339e+001
  5.7848401e+001  5.2321584e+001
  6.5379274e+001  5.6865522e+001
  7.7442875e+001  5.8403838e+001
  8.9510212e+001  5.8433737e+001
  1.5739646e+002  5.5585084e+001
  1.6495723e+002  4.8061684e+001
  1.7703578e+002  4.3566332e+001
  1.8909564e+002  4.6613065e+001
  1.9662278e+002  5.2665420e+001
  1.9057416e+002  5.8684140e+001
  1.8001151e+002  6.0166395e+001
  1.6643949e+002  5.8624342e+001
  1.0768597e+002  2.8310242e+001
  8.8095229e+001  2.0719570e+001
  6.0958669e+001  1.4618629e+001
  4.5855810e+001  2.2123342e+001
  3.3754837e+001  3.5669197e+001
  3.8268876e+001  4.0205661e+001
  4.8846483e+001  3.2689737e+001
  6.3941867e+001  2.8201858e+001
  8.3540078e+001  3.2775696e+001
  1.0615512e+002  3.7357007e+001
  1.4841323e+002  2.8411150e+001
  1.6804508e+002  1.9409233e+001
  1.9219096e+002  1.4943779e+001
  2.1027328e+002  2.2530713e+001
  2.1778547e+002  3.4616737e+001
  2.1476116e+002  3.7626097e+001
  2.0723776e+002  3.0065324e+001
  1.9216480e+002  2.5502699e+001
  1.7405258e+002  2.9983102e+001
  1.5291979e+002  3.5964448e+001
  1.1516825e+002  5.2463603e+001
  1.1511593e+002  7.3581444e+001
  1.1054583e+002  9.1671238e+001
  9.9942062e+001  1.0974608e+002
  1.0744678e+002  1.2484894e+002
  1.2405058e+002  1.2036480e+002
  1.4064317e+002  1.2040591e+002
  1.5723202e+002  1.2195544e+002
  1.6028249e+002  1.0838716e+002
  1.4825252e+002  9.3273089e+001
  1.4226744e+002  7.3648716e+001
  1.4081135e+002  5.2527138e+001
  9.0760752e+001  1.6251826e+002
  1.0737203e+002  1.5501728e+002
  1.1945058e+002  1.5052193e+002
  1.3000576e+002  1.5205651e+002
  1.3906000e+002  1.5057052e+002
  1.4960771e+002  1.5512193e+002
  1.6468067e+002  1.5968456e+002
  1.5107875e+002  1.7020984e+002
  1.3900768e+002  1.7168836e+002
  1.2844502e+002  1.7317061e+002
  1.1487300e+002  1.7162856e+002
  1.0583371e+002  1.6708088e+002
  1.0433651e+002  1.6255190e+002
  1.1942442e+002  1.6108085e+002
  1.3149549e+002  1.5960233e+002
  1.4355909e+002  1.6114065e+002
  1.5713485e+002  1.6117429e+002
  1.4355909e+002  1.6114065e+002
  1.3149549e+002  1.5960233e+002
  1.1942442e+002  1.6108085e+002
  1.4111777e+001  4.9196366e+001
  1.1031408e+001  7.4831984e+001
  9.4557180e+000  1.0197976e+002
  1.2405280e+001  1.2913874e+002
  1.9883831e+001  1.5480052e+002
  3.0379216e+001  1.8046977e+002
  5.1448471e+001  2.0013152e+002
  7.4041093e+001  2.1376333e+002
  1.0267112e+002  2.2590168e+002
  1.2981889e+002  2.2747737e+002
  1.5396104e+002  2.2452033e+002
  1.7812188e+002  2.1402121e+002
  1.9626400e+002  1.9747347e+002
  2.1290143e+002  1.7941358e+002
  2.2050332e+002  1.5529759e+002
  2.2509210e+002  1.2966571e+002
  2.2968089e+002  1.0403383e+002
  2.3125658e+002  7.6886054e+001
  2.2679112e+002  5.2740167e+001
