  9.9976156e+001  5.6460456e+001
  9.0895882e+001  4.8817184e+001
  7.8761305e+001  4.4198166e+001
  6.5077037e+001  4.5650193e+001
  5.5921638e+001  5.3203315e+001
  6.5016937e+001  5.7807308e+001
  7.7166540e+001  5.9387047e+001
  8.9331168e+001  5.7927508e+001
  1.5772997e+002  5.5226291e+001
  1.6536573e+002  4.7665657e+001
  1.7602574e+002  4.3159326e+001
  1.8817534e+002  4.4739065e+001
  1.9876774e+002  5.3909489e+001
  1.8810773e+002  5.8415820e+001
  1.7746274e+002  5.9882872e+001
  1.6683278e+002  5.8310645e+001
  1.0620496e+002  2.6097718e+001
  8.1935808e+001  1.6859681e+001
  5.9141217e+001  1.6746994e+001
  4.5434413e+001  2.2757939e+001
  3.7798653e+001  3.0318574e+001
  4.2327521e+001  3.6419669e+001
  5.1475408e+001  3.0386186e+001
  6.2120396e+001  2.8919134e+001
  8.0356069e+001  2.9009284e+001
  1.0160097e+002  3.5193017e+001
  1.5181668e+002  2.1764174e+001
  1.7616848e+002  1.4286177e+001
  1.9439664e+002  1.5895967e+001
  2.0652370e+002  2.2034624e+001
  2.1409185e+002  2.8150744e+001
  2.0950288e+002  3.4206765e+001
  2.0343935e+002  3.1137436e+001
  1.9280938e+002  2.9565209e+001
  1.7610086e+002  2.7962932e+001
  1.5481089e+002  3.0897036e+001
  1.1671473e+002  5.1984175e+001
  1.1508240e+002  7.4771254e+001
  1.0890618e+002  9.4496516e+001
  9.6696478e+001  1.0507389e+002
  9.9638094e+001  1.2484423e+002
  1.2243269e+002  1.2495692e+002
  1.4066836e+002  1.2504707e+002
  1.6043118e+002  1.2362509e+002
  1.6051382e+002  1.0690906e+002
  1.4992893e+002  9.6218993e+001
  1.4242840e+002  7.6426118e+001
  1.4102896e+002  5.2104375e+001
  8.5781039e+001  1.6124796e+002
  1.0101500e+002  1.5372489e+002
  1.1470677e+002  1.5075322e+002
  1.2836851e+002  1.5386012e+002
  1.4205277e+002  1.5240809e+002
  1.5722663e+002  1.5704213e+002
  1.6935369e+002  1.6318079e+002
  1.5412725e+002  1.6918422e+002
  1.4195511e+002  1.7216340e+002
  1.2827084e+002  1.7361543e+002
  1.1460160e+002  1.7202818e+002
  1.0094738e+002  1.6740165e+002
  9.9457794e+001  1.6131558e+002
  1.1466170e+002  1.5987106e+002
  1.2833094e+002  1.6145831e+002
  1.4201521e+002  1.6000628e+002
  1.5567694e+002  1.6311318e+002
  1.4200018e+002  1.6304556e+002
  1.2832343e+002  1.6297795e+002
  1.1465419e+002  1.6139070e+002
  1.7945678e+001  4.9976223e+001
  1.6290814e+001  7.7322220e+001
  2.0722020e+001  1.0317863e+002
  2.3633586e+001  1.2902752e+002
  2.8064792e+001  1.5488393e+002
  3.7054916e+001  1.8076288e+002
  5.2146135e+001  2.0211295e+002
  7.4865601e+001  2.1742203e+002
  1.0066191e+002  2.2514794e+002
  1.2799288e+002  2.2984209e+002
  1.5384929e+002  2.2541088e+002
  1.7821611e+002  2.1489360e+002
  1.9804654e+002  1.9979487e+002
  2.1183598e+002  1.7706789e+002
  2.1955438e+002  1.5279123e+002
  2.2575314e+002  1.2850705e+002
  2.2891262e+002  1.0420784e+002
  2.3055997e+002  7.8381482e+001
  2.3068017e+002  5.4067252e+001
