  9.7008114e+001  5.4309222e+001
  8.9354642e+001  4.5266324e+001
  7.7197089e+001  4.2325361e+001
  6.5085855e+001  4.5451595e+001
  5.6042957e+001  5.3105068e+001
  6.3661691e+001  5.7597568e+001
  7.5819243e+001  6.0538531e+001
  8.7942057e+001  5.8929096e+001
  1.5769166e+002  5.5362845e+001
  1.6672298e+002  4.6192573e+001
  1.7882263e+002  4.1549540e+001
  1.9098019e+002  4.4490503e+001
  2.0013888e+002  5.2005022e+001
  1.9109598e+002  5.9658495e+001
  1.8048997e+002  6.1256350e+001
  1.6681562e+002  5.8326966e+001
  1.0286688e+002  2.6960519e+001
  8.3079015e+001  1.8010257e+001
  6.0327027e+001  1.8183948e+001
  4.8215793e+001  2.1310182e+001
  3.7656095e+001  2.8975234e+001
  4.0724432e+001  3.3502472e+001
  4.9802068e+001  3.0399397e+001
  6.1936462e+001  3.0306762e+001
  8.0149632e+001  3.1684608e+001
  9.9902759e+001  3.6084473e+001
  1.5442647e+002  2.5050020e+001
  1.7259333e+002  2.0360669e+001
  1.9079492e+002  2.0221716e+001
  2.0446927e+002  2.3151099e+001
  2.1663840e+002  2.7608862e+001
  2.1363954e+002  3.2182418e+001
  2.0299879e+002  2.9229876e+001
  1.9086439e+002  2.9322511e+001
  1.7267438e+002  3.0978263e+001
  1.5905793e+002  3.5632876e+001
  1.1518655e+002  5.1136671e+001
  1.1534866e+002  7.2371860e+001
  1.0792677e+002  9.3664945e+001
  9.7401815e+001  1.0588039e+002
  1.0358481e+002  1.2100207e+002
  1.2176324e+002  1.1782952e+002
  1.3541443e+002  1.1772530e+002
  1.5363918e+002  1.2061995e+002
  1.5656856e+002  1.0694560e+002
  1.4585833e+002  9.4892259e+001
  1.3960586e+002  7.0669790e+001
  1.3946691e+002  5.2468199e+001
  9.0246257e+001  1.6205986e+002
  1.0078280e+002  1.5136121e+002
  1.1590447e+002  1.4517822e+002
  1.2805044e+002  1.4660239e+002
  1.3866804e+002  1.4652133e+002
  1.5237713e+002  1.5400111e+002
  1.6760302e+002  1.6146931e+002
  1.5098770e+002  1.7069748e+002
  1.4040484e+002  1.7532893e+002
  1.2828203e+002  1.7693837e+002
  1.1310246e+002  1.7553736e+002
  1.0091017e+002  1.6804600e+002
  1.0390903e+002  1.6347245e+002
  1.1600869e+002  1.5882941e+002
  1.2814308e+002  1.5873678e+002
  1.4331107e+002  1.5862098e+002
  1.5395182e+002  1.6157353e+002
  1.4335739e+002  1.6468818e+002
  1.2818940e+002  1.6480398e+002
  1.1453820e+002  1.6490819e+002
  1.5066219e+001  5.0384114e+001
  1.8296668e+001  7.6146541e+001
  2.4549136e+001  1.0036901e+002
  2.7802743e+001  1.2916504e+002
  3.4066790e+001  1.5490430e+002
  4.3352856e+001  1.7910361e+002
  5.8682960e+001  2.0022301e+002
  7.8540302e+001  2.1827407e+002
  1.0139651e+002  2.3175157e+002
  1.2873363e+002  2.3609354e+002
  1.5602444e+002  2.3436831e+002
  1.7716699e+002  2.2207180e+002
  1.9522963e+002  2.0373126e+002
  2.1022393e+002  1.8086348e+002
  2.2064467e+002  1.5499684e+002
  2.2348142e+002  1.2918809e+002
  2.2783497e+002  1.0336777e+002
  2.3067171e+002  7.7559020e+001
  2.3350846e+002  5.1750275e+001
