  1.0149394e+002  5.5908583e+001
  8.9486711e+001  4.5460736e+001
  7.7500180e+001  4.2499296e+001
  6.4028788e+001  4.4033841e+001
  5.3572661e+001  5.3046511e+001
  6.2564630e+001  5.6016232e+001
  7.7545724e+001  5.8969391e+001
  9.1017115e+001  5.7434846e+001
  1.5539607e+002  5.5759530e+001
  1.6136035e+002  4.6759281e+001
  1.7332204e+002  4.0737032e+001
  1.8830314e+002  4.3690192e+001
  1.9880895e+002  5.2644897e+001
  1.8683898e+002  5.5672582e+001
  1.7486901e+002  5.8700268e+001
  1.6288662e+002  5.7236109e+001
  1.0889754e+002  2.5942255e+001
  9.6894451e+001  1.6991690e+001
  6.0947278e+001  1.2599214e+001
  4.8985589e+001  1.8621462e+001
  4.3017166e+001  2.6124430e+001
  4.6020009e+001  2.9110712e+001
  5.2000854e+001  2.6099588e+001
  6.2481823e+001  2.6070606e+001
  9.2431589e+001  2.7485080e+001
  1.0442226e+002  3.1943801e+001
  1.4482815e+002  2.4345605e+001
  1.5978855e+002  1.9812357e+001
  1.9570260e+002  1.2226582e+001
  2.0770569e+002  2.1177147e+001
  2.1821564e+002  3.1629134e+001
  2.1522936e+002  3.4631977e+001
  2.0472769e+002  2.7174553e+001
  1.9424258e+002  2.5706254e+001
  1.6430523e+002  2.8783624e+001
  1.4784342e+002  3.1823731e+001
  1.1794748e+002  4.9873913e+001
  1.1651644e+002  7.3834555e+001
  1.1207842e+002  9.3311633e+001
  1.0163886e+002  1.0831343e+002
  1.0767353e+002  1.2476696e+002
  1.2113250e+002  1.1874057e+002
  1.3760259e+002  1.1869503e+002
  1.5258782e+002  1.2314547e+002
  1.5703412e+002  1.0666295e+002
  1.4651589e+002  9.3216405e+001
  1.4046880e+002  7.2271028e+001
  1.3741213e+002  4.9820089e+001
  9.1306940e+001  1.6224454e+002
  1.0477005e+002  1.5771543e+002
  1.1823316e+002  1.5318632e+002
  1.2872241e+002  1.5615190e+002
  1.3919096e+002  1.5163108e+002
  1.5268305e+002  1.5758294e+002
  1.6617515e+002  1.6353480e+002
  1.5272446e+002  1.7255575e+002
  1.4075863e+002  1.7708072e+002
  1.2878452e+002  1.7861112e+002
  1.1530485e+002  1.7715111e+002
  1.0330589e+002  1.6969782e+002
  1.0328933e+002  1.6370870e+002
  1.1676072e+002  1.6217415e+002
  1.2874311e+002  1.6363831e+002
  1.4071722e+002  1.6210791e+002
  1.5869288e+002  1.6505279e+002
  1.4072550e+002  1.6510247e+002
  1.2875139e+002  1.6663287e+002
  1.1676900e+002  1.6516871e+002
  2.0624192e+001  5.0143037e+001
  1.9197297e+001  7.5600959e+001
  2.0769104e+001  1.0254788e+002
  2.8330037e+001  1.2947824e+002
  3.5886830e+001  1.5491133e+002
  4.6434045e+001  1.7883884e+002
  5.9971682e+001  2.0126080e+002
  7.7988742e+001  2.1917849e+002
  1.0199079e+002  2.3558234e+002
  1.2895427e+002  2.3999966e+002
  1.5289421e+002  2.3394429e+002
  1.7531203e+002  2.1890937e+002
  1.9173244e+002  2.0089645e+002
  2.0664315e+002  1.7839583e+002
  2.1405503e+002  1.5142406e+002
  2.1848062e+002  1.2745514e+002
  2.2290208e+002  1.0198893e+002
  2.2732354e+002  7.6522731e+001
  2.2126403e+002  5.1085510e+001
