  9.6217172e+001  5.4959481e+001
  8.7146830e+001  4.6008207e+001
  7.5112574e+001  4.3083983e+001
  6.3118008e+001  4.6166965e+001
  5.4146890e+001  5.2233704e+001
  6.3197387e+001  5.8181375e+001
  7.3729841e+001  6.1115522e+001
  8.5724407e+001  5.8032540e+001
  1.6079463e+002  5.4532821e+001
  1.6824410e+002  4.5472401e+001
  1.8174047e+002  4.2379497e+001
  1.9378465e+002  4.6805523e+001
  2.0132342e+002  5.1261315e+001
  1.9235230e+002  5.7328054e+001
  1.8034781e+002  5.8909234e+001
  1.6982528e+002  5.7476889e+001
  9.9012405e+001  2.3401809e+001
  7.9449299e+001  1.7523594e+001
  5.3908754e+001  1.6190472e+001
  4.1953877e+001  2.5280659e+001
  3.3022448e+001  3.7354604e+001
  3.6075662e+001  4.4843766e+001
  4.5017014e+001  3.4271622e+001
  5.5480011e+001  2.6693159e+001
  7.6515152e+001  2.8056048e+001
  9.4576458e+001  3.3944185e+001
  1.5156553e+002  2.1552726e+001
  1.7556458e+002  1.6888564e+001
  2.0260693e+002  1.8211763e+001
  2.1316915e+002  2.5651314e+001
  2.2074761e+002  3.6114311e+001
  2.1627198e+002  4.0649482e+001
  2.0869351e+002  3.0186485e+001
  1.9966286e+002  2.7242416e+001
  1.7564396e+002  2.8902975e+001
  1.5463859e+002  3.2045490e+001
  1.1420902e+002  5.0335009e+001
  1.1287590e+002  7.5875554e+001
  1.0698776e+002  9.3936860e+001
  9.9568056e+001  1.0750268e+002
  1.0268081e+002  1.2400265e+002
  1.1622678e+002  1.2841876e+002
  1.3423848e+002  1.2679789e+002
  1.5074837e+002  1.2518694e+002
  1.5514463e+002  1.0863736e+002
  1.4454272e+002  9.5190603e+001
  1.3840652e+002  7.5706875e+001
  1.3823784e+002  5.0176252e+001
  8.6399126e+001  1.6015503e+002
  1.0287925e+002  1.5403868e+002
  1.1637562e+002  1.5094578e+002
  1.2689815e+002  1.5237812e+002
  1.4040444e+002  1.5078702e+002
  1.5394050e+002  1.5370132e+002
  1.6900812e+002  1.6111110e+002
  1.5103612e+002  1.6873918e+002
  1.3754967e+002  1.7333388e+002
  1.2554518e+002  1.7491506e+002
  1.1201905e+002  1.7350256e+002
  9.9974872e+001  1.6907654e+002
  1.0292886e+002  1.6154769e+002
  1.1343155e+002  1.5997643e+002
  1.2695768e+002  1.6138893e+002
  1.4046397e+002  1.5979783e+002
  1.5399011e+002  1.6121033e+002
  1.4048382e+002  1.6280143e+002
  1.2698745e+002  1.6589433e+002
  1.1346132e+002  1.6448183e+002
  2.2599139e+001  5.0940272e+001
  2.2757897e+001  7.4969093e+001
  2.8933782e+001  1.0046003e+002
  3.5099745e+001  1.2444916e+002
  4.1275630e+001  1.4994009e+002
  5.0435273e+001  1.7240758e+002
  6.2588596e+001  1.9335342e+002
  8.0739203e+001  2.1275777e+002
  1.0186365e+002  2.2763687e+002
  1.2743396e+002  2.3347539e+002
  1.5293481e+002  2.2880131e+002
  1.7538245e+002  2.1663806e+002
  1.9479673e+002  1.9998926e+002
  2.0816410e+002  1.7737294e+002
  2.2153148e+002  1.5475662e+002
  2.2736008e+002  1.2768450e+002
  2.3169681e+002  1.0212411e+002
  2.3302001e+002  7.5081767e+001
  2.2985765e+002  5.1072791e+001
