  9.6998993e+001  5.5964564e+001
  8.4911006e+001  4.6854248e+001
  7.4318946e+001  4.5315768e+001
  6.0685387e+001  4.9824828e+001
  5.3099368e+001  5.7375388e+001
  6.3687881e+001  6.0427526e+001
  7.4279940e+001  6.1966005e+001
  8.6392750e+001  6.0480715e+001
  1.5754886e+002  5.4592745e+001
  1.6664853e+002  4.7045731e+001
  1.7876489e+002  4.4046783e+001
  1.9086706e+002  4.7102467e+001
  2.0144493e+002  5.4695578e+001
  1.9234880e+002  6.0728934e+001
  1.8174965e+002  6.2217770e+001
  1.6813028e+002  6.0672198e+001
  1.0463466e+002  2.7222793e+001
  8.3457629e+001  2.1118518e+001
  6.5300826e+001  1.8048650e+001
  4.7122748e+001  2.4060730e+001
  3.3478550e+001  3.3110764e+001
  3.6491682e+001  3.9172487e+001
  5.0128788e+001  3.3149769e+001
  6.5265367e+001  3.3185229e+001
  8.6453031e+001  3.4748531e+001
  1.0158252e+002  3.7811307e+001
  1.5155451e+002  2.8846376e+001
  1.6973968e+002  1.9806981e+001
  1.9396884e+002  1.5322743e+001
  2.0909124e+002  2.1412834e+001
  2.1663825e+002  3.0512512e+001
  2.1208664e+002  3.5042847e+001
  2.0604264e+002  3.0487690e+001
  1.9242327e+002  2.8942118e+001
  1.7274217e+002  3.0409678e+001
  1.5607420e+002  3.7938962e+001
  1.1820084e+002  5.1473234e+001
  1.1966486e+002  7.2667990e+001
  1.1205402e+002  9.0814155e+001
  1.0445736e+002  1.0290569e+002
  1.0895578e+002  1.2108022e+002
  1.2864042e+002  1.1809900e+002
  1.4074614e+002  1.1964103e+002
  1.5587208e+002  1.2421746e+002
  1.6196927e+002  1.0606775e+002
  1.5292278e+002  9.0909897e+001
  1.4539704e+002  7.2728272e+001
  1.4393303e+002  5.1533515e+001
  8.9189577e+001  1.5887557e+002
  1.0283377e+002  1.4982554e+002
  1.1950174e+002  1.4229625e+002
  1.3009025e+002  1.4534839e+002
  1.4220661e+002  1.4234944e+002
  1.5581535e+002  1.4843599e+002
  1.6789979e+002  1.5905996e+002
  1.5576925e+002  1.6811354e+002
  1.4213924e+002  1.7110894e+002
  1.3002997e+002  1.7108058e+002
  1.1640705e+002  1.7104866e+002
  1.0431197e+002  1.6496566e+002
  9.9785182e+001  1.5890039e+002
  1.1341874e+002  1.5439133e+002
  1.2855177e+002  1.5594045e+002
  1.4671567e+002  1.5598300e+002
  1.5730418e+002  1.5903514e+002
  1.4671567e+002  1.5598300e+002
  1.2855177e+002  1.5594045e+002
  1.1341874e+002  1.5439133e+002
  1.2241242e+001  5.2738673e+001
  9.1536440e+000  7.8463765e+001
  9.0898170e+000  1.0570961e+002
  1.3566963e+001  1.3296609e+002
  2.2588629e+001  1.5871955e+002
  3.4644702e+001  1.8145279e+002
  5.2758953e+001  2.0268655e+002
  7.3911158e+001  2.1938643e+002
  9.9618521e+001  2.3004232e+002
  1.2685373e+002  2.3464712e+002
  1.5108644e+002  2.2864922e+002
  1.7230247e+002  2.1810326e+002
  1.9352559e+002  2.0452998e+002
  2.1022547e+002  1.8337778e+002
  2.1936770e+002  1.5766687e+002
  2.2396896e+002  1.3194532e+002
  2.2706010e+002  1.0470657e+002
  2.3166136e+002  7.8985025e+001
  2.3020443e+002  5.4762952e+001
