  9.9308639e+001  5.8246637e+001
  8.8731865e+001  4.8993474e+001
  7.6569180e+001  4.5821653e+001
  6.2820585e+001  4.8731174e+001
  5.2074088e+001  5.6244132e+001
  6.2697150e+001  6.0924717e+001
  7.4859834e+001  6.4096538e+001
  8.8608429e+001  6.1187017e+001
  1.5876759e+002  5.7324192e+001
  1.6798990e+002  4.9795804e+001
  1.8021430e+002  4.6870854e+001
  1.9236155e+002  5.1566868e+001
  2.0142956e+002  5.9280409e+001
  1.9223812e+002  6.3760411e+001
  1.8002915e+002  6.5161169e+001
  1.6634227e+002  6.1973918e+001
  1.0425152e+002  2.1712296e+001
  8.2943682e+001  1.8447898e+001
  5.5508209e+001  1.8170168e+001
  4.1713326e+001  2.5652268e+001
  3.0889681e+001  4.0786191e+001
  3.5400542e+001  4.6929251e+001
  4.4699994e+001  3.1779898e+001
  5.5415633e+001  2.7315326e+001
  8.1296053e+001  3.0626012e+001
  1.0106427e+002  3.5399173e+001
  1.4846855e+002  2.0635556e+001
  1.7441069e+002  1.7849471e+001
  1.9576482e+002  1.6541290e+001
  2.1092960e+002  2.4316548e+001
  2.2149094e+002  3.5093905e+001
  2.1839627e+002  3.9635625e+001
  2.0783492e+002  2.8858268e+001
  1.9718100e+002  2.7226069e+001
  1.7581144e+002  3.0058443e+001
  1.5290226e+002  3.4399581e+001
  1.1612105e+002  5.3843782e+001
  1.1588961e+002  7.6706676e+001
  1.0808349e+002  9.4919844e+001
  9.8814897e+001  1.0702081e+002
  1.0016937e+002  1.2380236e+002
  1.1996845e+002  1.2552714e+002
  1.3673457e+002  1.2569686e+002
  1.5504031e+002  1.2435782e+002
  1.5670337e+002  1.1065551e+002
  1.4617288e+002  9.6829773e+001
  1.4027669e+002  7.6953547e+001
  1.3745975e+002  5.4059794e+001
  8.4618849e+001  1.5413193e+002
  9.8382873e+001  1.4969821e+002
  1.1519528e+002  1.4529536e+002
  1.2735797e+002  1.4846718e+002
  1.3804275e+002  1.4705099e+002
  1.5020543e+002  1.5022281e+002
  1.6689441e+002  1.5801350e+002
  1.5313038e+002  1.6244722e+002
  1.4093684e+002  1.6232378e+002
  1.2872787e+002  1.6372454e+002
  1.1654975e+002  1.6207691e+002
  1.0133868e+002  1.5887423e+002
  9.5272770e+001  1.5576413e+002
  1.1054556e+002  1.5287003e+002
  1.2731168e+002  1.5303976e+002
  1.4407780e+002  1.5320948e+002
  1.5624049e+002  1.5638130e+002
  1.4407780e+002  1.5320948e+002
  1.2731168e+002  1.5303976e+002
  1.1054556e+002  1.5287003e+002
  1.5539746e+001  5.1301247e+001
  1.5246587e+001  8.0260913e+001
  1.8017243e+001  1.0772724e+002
  2.2327522e+001  1.3368481e+002
  2.8177422e+001  1.5813362e+002
  4.0139524e+001  1.8111995e+002
  5.6720493e+001  1.9957998e+002
  7.7904900e+001  2.1503793e+002
  1.0216855e+002  2.2747834e+002
  1.2501602e+002  2.2923397e+002
  1.5248235e+002  2.2646332e+002
  1.7696201e+002  2.1756503e+002
  1.9999463e+002  2.0103035e+002
  2.1543714e+002  1.8137014e+002
  2.2636879e+002  1.5556686e+002
  2.3576082e+002  1.3127235e+002
  2.3907150e+002  1.0539193e+002
  2.4390638e+002  7.9526941e+001
  2.4259820e+002  5.8172811e+001
