  9.9916182e+001  5.2751755e+001
  8.9252266e+001  4.3827697e+001
  7.7151510e+001  4.0954016e+001
  6.5139877e+001  4.5621028e+001
  5.6180170e+001  5.3268667e+001
  6.6790612e+001  5.7668310e+001
  7.7347580e+001  5.7543538e+001
  9.0903001e+001  5.5874979e+001
  1.5573513e+002  5.3600385e+001
  1.6467701e+002  4.4444608e+001
  1.7821461e+002  4.1267910e+001
  1.9031536e+002  4.4141590e+001
  1.9945332e+002  5.1575335e+001
  1.9045796e+002  5.6206697e+001
  1.7839285e+002  5.6349294e+001
  1.6480178e+002  5.5001576e+001
  1.1160697e+002  2.0938253e+001
  9.1965526e+001  1.8153695e+001
  6.9343450e+001  1.8421063e+001
  5.1281439e+001  2.1651235e+001
  3.3326375e+001  3.3930236e+001
  4.0956190e+001  4.1381805e+001
  5.1441860e+001  3.5224480e+001
  7.2520148e+001  3.1958660e+001
  9.2143771e+001  3.3235079e+001
  1.0878677e+002  3.7563424e+001
  1.4783794e+002  2.3526740e+001
  1.6586431e+002  1.7280292e+001
  1.8999452e+002  1.6995100e+001
  2.0362124e+002  2.1359094e+001
  2.1728361e+002  2.8739365e+001
  2.1433863e+002  3.4807567e+001
  2.0223787e+002  3.1933887e+001
  1.8715649e+002  3.2112132e+001
  1.6451659e+002  3.0871362e+001
  1.4947085e+002  3.4065884e+001
  1.1796037e+002  4.8013445e+001
  1.1670177e+002  6.9145207e+001
  1.1242690e+002  9.0312618e+001
  9.9031903e+001  1.0555442e+002
  1.0373456e+002  1.2058233e+002
  1.2330471e+002  1.1733434e+002
  1.3687796e+002  1.1717392e+002
  1.5650158e+002  1.1845034e+002
  1.5784930e+002  1.0485926e+002
  1.4562377e+002  9.1428616e+001
  1.4235795e+002  7.0350328e+001
  1.4058245e+002  4.7746077e+001
  8.9134443e+001  1.6148031e+002
  1.0409106e+002  1.5074510e+002
  1.1911897e+002  1.4604244e+002
  1.2971158e+002  1.4893394e+002
  1.4023290e+002  1.4579290e+002
  1.5235148e+002  1.5017471e+002
  1.6753981e+002  1.5904530e+002
  1.5556383e+002  1.6672859e+002
  1.4357002e+002  1.7290374e+002
  1.3001460e+002  1.7457230e+002
  1.1491539e+002  1.7324240e+002
  1.0125302e+002  1.6586213e+002
  1.0268986e+002  1.5981176e+002
  1.1473715e+002  1.5816102e+002
  1.2831039e+002  1.5800060e+002
  1.4640805e+002  1.5778670e+002
  1.5999912e+002  1.5913442e+002
  1.4644370e+002  1.6080298e+002
  1.2834604e+002  1.6101688e+002
  1.1475497e+002  1.5966916e+002
  1.8423237e+001  4.9189865e+001
  1.7253765e+001  7.7862319e+001
  1.9100570e+001  1.0649912e+002
  2.2437688e+001  1.3360996e+002
  2.8773259e+001  1.5917702e+002
  3.9633245e+001  1.8469060e+002
  5.4981997e+001  2.0713443e+002
  7.4801690e+001  2.2500037e+002
  9.9074500e+001  2.3678028e+002
  1.2627447e+002  2.4098386e+002
  1.5038685e+002  2.3919053e+002
  1.7590043e+002  2.2833054e+002
  1.9529234e+002  2.1000116e+002
  2.0858039e+002  1.8571053e+002
  2.1581807e+002  1.5998305e+002
  2.2002164e+002  1.3278309e+002
  2.2271707e+002  1.0560095e+002
  2.2239623e+002  7.8454457e+001
  2.1902346e+002  4.8327339e+001
