  9.5402680e+001  5.7280178e+001
  9.0800173e+001  5.2740798e+001
  8.0103076e+001  4.8243502e+001
  6.7924416e+001  4.9851318e+001
  5.7290445e+001  5.4495909e+001
  6.7966500e+001  5.5945909e+001
  7.7129428e+001  5.8930078e+001
  8.9318610e+001  5.8845910e+001
  1.5939588e+002  5.6838293e+001
  1.6848516e+002  4.9156928e+001
  1.7761653e+002  4.7570154e+001
  1.8676894e+002  4.9030675e+001
  1.9595291e+002  5.5062139e+001
  1.8683206e+002  5.8172561e+001
  1.7769018e+002  5.8235688e+001
  1.7007194e+002  5.8288293e+001
  1.0130789e+002  2.9812435e+001
  7.9882134e+001  1.6246900e+001
  5.5482728e+001  1.3367942e+001
  4.0340941e+001  2.7185982e+001
  3.2796350e+001  3.7904121e+001
  3.7398856e+001  4.2443501e+001
  4.4943447e+001  3.1725362e+001
  5.8614192e+001  2.5536082e+001
  7.6919007e+001  2.8457124e+001
  9.8323722e+001  3.8975363e+001
  1.5157774e+002  2.7941592e+001
  1.7437985e+002  2.0165537e+001
  1.9720301e+002  1.5436778e+001
  2.1250261e+002  2.4473453e+001
  2.1868137e+002  3.6620551e+001
  2.1412095e+002  3.8175762e+001
  2.0492646e+002  3.0620650e+001
  1.9423988e+002  2.7647002e+001
  1.7750080e+002  3.0810029e+001
  1.5621181e+002  3.7051915e+001
  1.1366541e+002  5.4106629e+001
  1.1227854e+002  7.3924571e+001
  1.0782333e+002  9.0716259e+001
  9.4194664e+001  1.0300013e+002
  9.7347170e+001  1.1821557e+002
  1.2024397e+002  1.2415234e+002
  1.3548045e+002  1.2404713e+002
  1.5981673e+002  1.1778420e+002
  1.6123516e+002  1.0253720e+002
  1.4744869e+002  9.1966359e+001
  1.4274097e+002  7.2190502e+001
  1.4261472e+002  5.3906729e+001
  8.2352678e+001  1.5336467e+002
  9.9091760e+001  1.5020165e+002
  1.1430719e+002  1.4704914e+002
  1.2652794e+002  1.5153591e+002
  1.3564878e+002  1.4842549e+002
  1.5241943e+002  1.4983341e+002
  1.7223737e+002  1.5122028e+002
  1.5402725e+002  1.6201207e+002
  1.4340380e+002  1.6818031e+002
  1.2817784e+002  1.6980917e+002
  1.1293084e+002  1.6839073e+002
  1.0069958e+002  1.6238031e+002
  9.7610197e+001  1.5630676e+002
  1.1133355e+002  1.5773572e+002
  1.2504638e+002  1.5764103e+002
  1.4330911e+002  1.5446748e+002
  1.5855611e+002  1.5588592e+002
  1.4331963e+002  1.5599113e+002
  1.2505690e+002  1.5916467e+002
  1.1133355e+002  1.5773572e+002
  2.0701858e+001  5.1701119e+001
  1.9357068e+001  7.7613651e+001
  1.9535927e+001  1.0351566e+002
  2.5809376e+001  1.2937559e+002
  3.2093346e+001  1.5675916e+002
  4.1403569e+001  1.8107440e+002
  5.6787341e+001  2.0230026e+002
  7.6721014e+001  2.2044726e+002
  1.0116250e+002  2.2942081e+002
  1.2861973e+002  2.3380237e+002
  1.5449017e+002  2.2905257e+002
  1.7881593e+002  2.2126599e+002
  2.0159700e+002  2.1044264e+002
  2.1665462e+002  1.8443542e+002
  2.2561765e+002  1.5847028e+002
  2.3000973e+002  1.3253671e+002
  2.3440182e+002  1.0660313e+002
  2.3573609e+002  7.9166955e+001
  2.3555723e+002  5.3264944e+001
