  9.6302138e+001  5.5167600e+001
  8.5683276e+001  4.8989659e+001
  7.1993216e+001  4.5835523e+001
  5.9779514e+001  4.8788239e+001
  5.0577768e+001  5.6335903e+001
  6.1220326e+001  5.9466342e+001
  7.1874733e+001  6.1073031e+001
  8.5600338e+001  5.9655915e+001
  1.6027597e+002  5.8712729e+001
  1.6947772e+002  5.1165065e+001
  1.8322702e+002  4.6700448e+001
  1.9691708e+002  4.9854584e+001
  2.0600034e+002  5.7544427e+001
  1.9682229e+002  6.2044590e+001
  1.8462044e+002  6.3473554e+001
  1.7091853e+002  6.1843169e+001
  9.5015353e+001  2.4680737e+001
  7.3730236e+001  1.8419859e+001
  5.3933325e+001  1.6742080e+001
  4.1695926e+001  2.2742297e+001
  3.0958581e+001  3.1801863e+001
  3.3970537e+001  3.6396812e+001
  4.3160435e+001  3.0372899e+001
  5.6874192e+001  3.0479533e+001
  7.0576100e+001  3.2109919e+001
  9.4932415e+001  3.5346992e+001
  1.5441794e+002  2.8190322e+001
  1.7885719e+002  2.0761140e+001
  1.9564214e+002  1.7843970e+001
  2.0930851e+002  2.4045607e+001
  2.2296302e+002  3.1770996e+001
  2.1987998e+002  3.6318551e+001
  2.0771367e+002  3.3176264e+001
  1.9705926e+002  3.1569575e+001
  1.8028615e+002  3.2962995e+001
  1.5740620e+002  3.5832772e+001
  1.1459900e+002  5.3786029e+001
  1.1443312e+002  7.5118539e+001
  1.0819594e+002  9.3356155e+001
  9.8958646e+001  1.0547507e+002
  1.0341142e+002  1.2074812e+002
  1.2169643e+002  1.2089030e+002
  1.3388643e+002  1.2098509e+002
  1.5217144e+002  1.2112727e+002
  1.5838493e+002  1.0593715e+002
  1.4780161e+002  9.5187961e+001
  1.4186063e+002  7.5331808e+001
  1.4050276e+002  5.3987450e+001
  8.9389604e+001  1.6025901e+002
  1.0010325e+002  1.5424694e+002
  1.1538815e+002  1.4827042e+002
  1.2907821e+002  1.5142456e+002
  1.4129191e+002  1.4847184e+002
  1.5495828e+002  1.5467348e+002
  1.7014839e+002  1.6088697e+002
  1.5485164e+002  1.6838724e+002
  1.4413800e+002  1.7439930e+002
  1.2888864e+002  1.7580457e+002
  1.1367483e+002  1.7263859e+002
  1.0304412e+002  1.6798440e+002
  1.0006771e+002  1.5881820e+002
  1.1530522e+002  1.5893668e+002
  1.2749522e+002  1.5903146e+002
  1.4273273e+002  1.5914995e+002
  1.5642279e+002  1.6230408e+002
  1.4273273e+002  1.5914995e+002
  1.2749522e+002  1.5903146e+002
  1.1530522e+002  1.5893668e+002
  1.8626396e+001  4.9992086e+001
  1.6901224e+001  7.5884000e+001
  1.9747305e+001  1.0181146e+002
  2.4128985e+001  1.2622702e+002
  3.1546318e+001  1.5219002e+002
  4.2034849e+001  1.7512922e+002
  6.0165830e+001  1.9508016e+002
  7.9867955e+001  2.0894794e+002
  1.0412948e+002  2.2437502e+002
  1.3000955e+002  2.2762394e+002
  1.5441326e+002  2.2476601e+002
  1.7434050e+002  2.0968254e+002
  1.9427959e+002  1.9307530e+002
  2.1118303e+002  1.7492063e+002
  2.2049141e+002  1.5365921e+002
  2.2374033e+002  1.2777914e+002
  2.3001306e+002  1.0497027e+002
  2.3478573e+002  7.9102055e+001
  2.3496346e+002  5.6245794e+001
