  9.8977192e+001  5.6812980e+001
  8.8320826e+001  4.7627831e+001
  7.7647620e+001  4.4546468e+001
  6.5435837e+001  4.6038735e+001
  5.6259108e+001  5.3643208e+001
  6.3876211e+001  5.8242098e+001
  7.6079574e+001  5.9801724e+001
  8.8287146e+001  5.9835404e+001
  1.5848911e+002  5.6977169e+001
  1.6766584e+002  4.9372696e+001
  1.7988183e+002  4.6354482e+001
  1.9055504e+002  4.9435845e+001
  1.9969388e+002  5.5564891e+001
  1.9052557e+002  6.0117471e+001
  1.8136989e+002  6.0092211e+001
  1.6916232e+002  6.0058532e+001
  1.0059155e+002  2.4772312e+001
  8.3822975e+001  1.8622217e+001
  5.7886094e+001  1.7024701e+001
  4.2601368e+001  2.6138281e+001
  3.3412009e+001  3.8320593e+001
  3.7977219e+001  4.2911063e+001
  4.8692525e+001  3.0732960e+001
  6.0912727e+001  2.6188800e+001
  7.9219876e+001  2.7765266e+001
  9.5992658e+001  3.2389415e+001
  1.5094779e+002  2.4911241e+001
  1.7079772e+002  2.0388131e+001
  1.9369113e+002  1.8925334e+001
  2.0740360e+002  2.6592956e+001
  2.1653402e+002  3.5773895e+001
  2.1194355e+002  4.0339105e+001
  2.0280471e+002  3.4210059e+001
  1.9061398e+002  2.8072593e+001
  1.7229841e+002  2.9548020e+001
  1.5398284e+002  3.1023447e+001
  1.1119740e+002  5.2268820e+001
  1.1265177e+002  7.8214122e+001
  1.0497573e+002  9.4978485e+001
  9.4247794e+001  1.1173443e+002
  1.0184806e+002  1.2243710e+002
  1.2016784e+002  1.1943573e+002
  1.3084946e+002  1.1946520e+002
  1.5526040e+002  1.2105851e+002
  1.5987613e+002  1.0733762e+002
  1.4769802e+002  9.6622310e+001
  1.4011881e+002  7.8289901e+001
  1.3866443e+002  5.2344600e+001
  8.1922343e+001  1.5442725e+002
  1.0178491e+002  1.4532630e+002
  1.1553527e+002  1.3926040e+002
  1.2926458e+002  1.4082424e+002
  1.4300231e+002  1.3933618e+002
  1.5824493e+002  1.4548207e+002
  1.7500929e+002  1.5315811e+002
  1.6124210e+002  1.6532780e+002
  1.4902189e+002  1.6987196e+002
  1.3375822e+002  1.7135580e+002
  1.1697280e+002  1.7130949e+002
  1.0325192e+002  1.6669376e+002
  9.7177598e+001  1.5599530e+002
  1.1244127e+002  1.5451145e+002
  1.3075684e+002  1.5303602e+002
  1.5059415e+002  1.5309075e+002
  1.6585361e+002  1.5313285e+002
  1.5058573e+002  1.5614265e+002
  1.3074421e+002  1.5761386e+002
  1.1243285e+002  1.5756334e+002
  1.9644810e+001  5.0490276e+001
  1.8043084e+001  7.7953105e+001
  1.7975725e+001  1.0236825e+002
  2.0951839e+001  1.2984371e+002
  2.8505793e+001  1.5733180e+002
  3.7594113e+001  1.8177220e+002
  5.4320586e+001  2.0318176e+002
  7.4111582e+001  2.2002190e+002
  9.8497257e+001  2.3077089e+002
  1.2442151e+002  2.3694625e+002
  1.5037102e+002  2.3396592e+002
  1.7329390e+002  2.2182150e+002
  1.9622520e+002  2.0662518e+002
  2.1306955e+002  1.8530824e+002
  2.2381853e+002  1.6092256e+002
  2.2847215e+002  1.3346816e+002
  2.3159562e+002  1.0753548e+002
  2.3777097e+002  8.1611232e+001
  2.3326470e+002  5.5657510e+001
