  9.9501392e+001  5.6903010e+001
  9.0422783e+001  4.7756877e+001
  7.9802937e+001  4.4680031e+001
  6.9160583e+001  4.7678099e+001
  6.0025704e+001  5.3719251e+001
  6.7602466e+001  5.8303572e+001
  7.8222312e+001  6.1380418e+001
  9.0377767e+001  5.9906705e+001
  1.5569435e+002  5.7111209e+001
  1.6179740e+002  4.9540074e+001
  1.7243975e+002  4.6542006e+001
  1.8458395e+002  4.8105750e+001
  1.9215509e+002  5.4208799e+001
  1.8453894e+002  6.0255579e+001
  1.7390221e+002  6.1734918e+001
  1.6479547e+002  6.0182428e+001
  1.0417012e+002  2.6545320e+001
  7.8374240e+001  2.0374747e+001
  5.5610193e+001  1.5734156e+001
  4.0389146e+001  2.4790258e+001
  3.1237385e+001  3.5387596e+001
  3.5776690e+001  3.9960662e+001
  4.6435925e+001  3.2406408e+001
  5.5565177e+001  2.7883985e+001
  7.5297394e+001  3.0994593e+001
  1.0261763e+002  3.5652064e+001
  1.5124508e+002  2.8238485e+001
  1.7252416e+002  2.3761077e+001
  1.9988378e+002  1.7787449e+001
  2.1049237e+002  2.3901752e+001
  2.1806350e+002  3.0004801e+001
  2.1349607e+002  3.3025378e+001
  2.0895113e+002  2.9971039e+001
  1.9984439e+002  2.8418549e+001
  1.7553348e+002  3.1365974e+001
  1.5577875e+002  3.4330280e+001
  1.1773739e+002  5.3933077e+001
  1.1310243e+002  7.5178396e+001
  1.0848997e+002  9.0348800e+001
  1.0082880e+002  1.0854541e+002
  1.0533435e+002  1.2223085e+002
  1.2356472e+002  1.2077964e+002
  1.3571454e+002  1.2082466e+002
  1.5393366e+002  1.2241091e+002
  1.5702739e+002  1.0723488e+002
  1.4949564e+002  9.0500729e+001
  1.4348262e+002  7.3772207e+001
  1.4051832e+002  5.4017482e+001
  8.8498911e+001  1.5709971e+002
  1.0370308e+002  1.5259979e+002
  1.1739414e+002  1.4657552e+002
  1.2801399e+002  1.4965237e+002
  1.4016944e+002  1.4817865e+002
  1.5382675e+002  1.5126675e+002
  1.6898590e+002  1.5891666e+002
  1.5530046e+002  1.6342221e+002
  1.4313375e+002  1.6793338e+002
  1.2945394e+002  1.7092019e+002
  1.1579664e+002  1.6783209e+002
  1.0365806e+002  1.6474962e+002
  1.0064874e+002  1.5714472e+002
  1.1584165e+002  1.5568226e+002
  1.2799148e+002  1.5572728e+002
  1.4317877e+002  1.5578355e+002
  1.5835480e+002  1.5887728e+002
  1.4468624e+002  1.5882663e+002
  1.2798023e+002  1.5876474e+002
  1.1583040e+002  1.5871972e+002
  1.4480728e+001  4.8994256e+001
  1.2866341e+001  7.4807014e+001
  1.7321241e+001  1.0216101e+002
  2.3300496e+001  1.2800190e+002
  2.7761023e+001  1.5383717e+002
  3.8296464e+001  1.7969494e+002
  5.1891870e+001  1.9948906e+002
  7.6112749e+001  2.2084129e+002
  1.0037864e+002  2.3004369e+002
  1.2770450e+002  2.3318244e+002
  1.5202104e+002  2.2871628e+002
  1.7636571e+002  2.1665649e+002
  1.9767856e+002  2.0306671e+002
  2.1445772e+002  1.8338513e+002
  2.2517885e+002  1.5912486e+002
  2.2983632e+002  1.3180463e+002
  2.3296944e+002  1.0599750e+002
  2.3913439e+002  8.1720350e+001
  2.3771132e+002  5.5896338e+001
