  9.8379224e+001  5.5675911e+001
  8.9229709e+001  4.9663373e+001
  7.7063871e+001  4.6707376e+001
  6.3420034e+001  4.9834298e+001
  5.2842793e+001  5.7495760e+001
  6.1972199e+001  6.0471866e+001
  7.5656253e+001  6.3417808e+001
  8.7791929e+001  6.1819157e+001
  1.5910787e+002  5.5273734e+001
  1.6817695e+002  4.9140542e+001
  1.8182079e+002  4.6013620e+001
  1.9551490e+002  5.0477779e+001
  2.0467447e+002  5.8008533e+001
  1.9254885e+002  6.1125401e+001
  1.8040312e+002  6.1205836e+001
  1.6823728e+002  5.8249839e+001
  1.0423089e+002  2.2234937e+001
  8.9018566e+001  1.7780833e+001
  5.1043052e+001  1.4995761e+001
  3.8987813e+001  2.8740142e+001
  3.4533709e+001  4.3952468e+001
  3.9108466e+001  4.6958737e+001
  4.5110950e+001  3.6291006e+001
  5.4180029e+001  3.0157814e+001
  8.3026137e+001  2.9966780e+001
  1.0125479e+002  3.1364343e+001
  1.4370451e+002  2.1973522e+001
  1.6492938e+002  1.7278111e+001
  1.9982824e+002  1.4010427e+001
  2.1507073e+002  2.3019179e+001
  2.2426046e+002  3.5104582e+001
  2.1821776e+002  3.9699449e+001
  2.0907830e+002  3.5205127e+001
  1.9690241e+002  3.0730914e+001
  1.6500981e+002  2.9423841e+001
  1.4681133e+002  3.2580926e+001
  1.1507960e+002  5.5565312e+001
  1.1367199e+002  7.2275745e+001
  1.0769966e+002  8.7498124e+001
  9.8690912e+001  1.0274061e+002
  1.0488443e+002  1.2091899e+002
  1.1697989e+002  1.1324747e+002
  1.3064383e+002  1.1315698e+002
  1.4890265e+002  1.1910920e+002
  1.5335675e+002  1.0389687e+002
  1.4415696e+002  9.0293250e+001
  1.3796344e+002  7.2114874e+001
  1.3633463e+002  5.5424550e+001
  8.3890818e+001  1.6053337e+002
  9.5976221e+001  1.5134364e+002
  1.0958990e+002  1.4366207e+002
  1.2326390e+002  1.4508980e+002
  1.3538952e+002  1.4197293e+002
  1.5062195e+002  1.4946346e+002
  1.6739271e+002  1.5998038e+002
  1.5227087e+002  1.6919022e+002
  1.3711888e+002  1.7384541e+002
  1.2345493e+002  1.7393590e+002
  1.0979098e+002  1.7402639e+002
  9.7615091e+001  1.6955218e+002
  9.4498223e+001  1.5742656e+002
  1.0814206e+002  1.5429964e+002
  1.2332422e+002  1.5419909e+002
  1.4001455e+002  1.5257028e+002
  1.5674509e+002  1.5701433e+002
  1.4004471e+002  1.5712493e+002
  1.2335438e+002  1.5875374e+002
  1.0817222e+002  1.5885429e+002
  2.7002954e+001  5.3112037e+001
  2.4127393e+001  7.7423605e+001
  2.4298318e+001  1.0323328e+002
  3.3578541e+001  1.2898263e+002
  3.8304115e+001  1.5476214e+002
  4.6066121e+001  1.8052154e+002
  6.1378991e+001  2.0015781e+002
  8.1226400e+001  2.1672748e+002
  1.0256186e+002  2.2873245e+002
  1.2990986e+002  2.3158790e+002
  1.5416110e+002  2.2535416e+002
  1.7991045e+002  2.1607394e+002
  2.0260326e+002  2.0377740e+002
  2.1916288e+002  1.8241177e+002
  2.2812136e+002  1.5957820e+002
  2.3402330e+002  1.3372831e+002
  2.3992523e+002  1.0787842e+002
  2.4429890e+002  8.0520360e+001
  2.4260976e+002  5.4720740e+001
