  1.0070707e+002  6.3667648e+001
  9.1402688e+001  5.3302769e+001
  8.0760971e+001  5.0524286e+001
  6.7236958e+001  5.3856445e+001
  5.9823586e+001  6.0070901e+001
  6.5968833e+001  6.4463557e+001
  7.8120907e+001  6.7207435e+001
  9.0169167e+001  6.5420239e+001
  1.5806607e+002  6.0842309e+001
  1.6389988e+002  5.1641741e+001
  1.7735468e+002  4.5288866e+001
  1.8950676e+002  4.8032744e+001
  1.9877653e+002  5.6887265e+001
  1.9132856e+002  6.1591363e+001
  1.7931490e+002  6.4888917e+001
  1.6719743e+002  6.3655397e+001
  1.0289727e+002  2.7349843e+001
  8.5971890e+001  1.4137273e+001
  5.8820049e+001  1.6270516e+001
  4.8385961e+001  2.2554182e+001
  3.7986478e+001  3.0348206e+001
  4.1076403e+001  3.3299712e+001
  5.3055454e+001  2.8491800e+001
  6.2013789e+001  2.3753097e+001
  8.1752258e+001  2.7834310e+001
  1.0159454e+002  3.6446597e+001
  1.5119413e+002  2.4732133e+001
  1.6451051e+002  1.2337826e+001
  1.8864164e+002  1.0273792e+001
  2.0384903e+002  1.4458819e+001
  2.1459456e+002  2.1768376e+001
  2.1167766e+002  2.6368660e+001
  2.0100134e+002  2.2079819e+001
  1.8737351e+002  2.0880903e+001
  1.6938763e+002  2.7337593e+001
  1.5438787e+002  3.2214714e+001
  1.1563763e+002  5.5769810e+001
  1.1601828e+002  7.2383749e+001
  1.1035750e+002  8.9136107e+001
  1.0009644e+002  1.0297156e+002
  1.0655312e+002  1.2095744e+002
  1.2144908e+002  1.1154925e+002
  1.3504230e+002  1.1123780e+002
  1.5038811e+002  1.2146426e+002
  1.5604889e+002  1.0471190e+002
  1.4660609e+002  8.8305593e+001
  1.4014940e+002  7.0319715e+001
  1.3983796e+002  5.6726492e+001
  8.7783588e+001  1.5916626e+002
  1.0116918e+002  1.4979267e+002
  1.1609974e+002  1.4189483e+002
  1.2677606e+002  1.4618367e+002
  1.3878972e+002  1.4288611e+002
  1.5101100e+002  1.4865071e+002
  1.6488106e+002  1.6042213e+002
  1.4984669e+002  1.6378889e+002
  1.3934339e+002  1.6705184e+002
  1.2430902e+002  1.7041861e+002
  1.1212234e+002  1.6616437e+002
  9.6949550e+001  1.6348970e+002
  9.6811131e+001  1.5744827e+002
  1.1335586e+002  1.5404690e+002
  1.2392837e+002  1.5380467e+002
  1.3906655e+002  1.5496898e+002
  1.5276359e+002  1.5918861e+002
  1.3910116e+002  1.5647934e+002
  1.2399758e+002  1.5682538e+002
  1.1339047e+002  1.5555726e+002
  2.6526498e+001  5.7811490e+001
  2.2583705e+001  8.3591392e+001
  2.6192702e+001  1.0919827e+002
  2.9801699e+001  1.3480515e+002
  3.3410696e+001  1.6041203e+002
  4.0005804e+001  1.8443934e+002
  5.5593852e+001  2.0523830e+002
  7.4098801e+001  2.2143699e+002
  9.8506764e+001  2.3145582e+002
  1.2432127e+002  2.3690897e+002
  1.4992815e+002  2.3329997e+002
  1.7694157e+002  2.2512530e+002
  1.9925090e+002  2.0950264e+002
  2.1692533e+002  1.8945273e+002
  2.2845452e+002  1.6501016e+002
  2.3541803e+002  1.3916105e+002
  2.3929161e+002  1.1036043e+002
  2.4017909e+002  8.3139382e+001
  2.3653548e+002  5.6022146e+001
