  1.0160290e+002  5.1798633e+001
  8.9655835e+001  4.4301352e+001
  7.7700583e+001  4.1289338e+001
  6.5731683e+001  4.5752768e+001
  5.6750231e+001  5.1716746e+001
  6.5709846e+001  5.7713479e+001
  7.9165647e+001  5.7738045e+001
  9.1129088e+001  5.6264793e+001
  1.5691846e+002  5.3394716e+001
  1.6590264e+002  4.5935649e+001
  1.7787154e+002  4.1472219e+001
  1.9131915e+002  4.5982052e+001
  1.9877822e+002  5.4966233e+001
  1.8980223e+002  5.7940033e+001
  1.7634643e+002  5.7915467e+001
  1.6588626e+002  5.4906183e+001
  1.0464494e+002  2.3397403e+001
  8.5222430e+001  1.5886474e+001
  6.2793367e+001  1.7340619e+001
  5.0824467e+001  2.1804049e+001
  4.1832097e+001  3.3748383e+001
  4.4819545e+001  3.5248931e+001
  5.3800997e+001  2.9284953e+001
  6.4274808e+001  2.4818793e+001
  8.3702775e+001  2.9339544e+001
  1.0313074e+002  3.3860296e+001
  1.5099270e+002  2.3482019e+001
  1.6445668e+002  1.9021319e+001
  1.9137374e+002  1.6080273e+001
  2.0481863e+002  2.2085195e+001
  2.1526787e+002  3.1074835e+001
  2.1077715e+002  3.4056825e+001
  2.0330989e+002  2.9557910e+001
  1.9135737e+002  2.5050807e+001
  1.6742775e+002  2.9492400e+001
  1.5097632e+002  3.2452553e+001
  1.1655652e+002  5.0330840e+001
  1.1502321e+002  7.1259355e+001
  1.0751502e+002  8.9186775e+001
  9.7019368e+001  1.0561365e+002
  1.0296970e+002  1.2207054e+002
  1.1792878e+002  1.1761257e+002
  1.3437475e+002  1.1764260e+002
  1.5231309e+002  1.1917044e+002
  1.5832347e+002  1.0273538e+002
  1.4639006e+002  8.7762655e+001
  1.3894737e+002  6.9807940e+001
  1.3599267e+002  5.0366324e+001
  9.2430377e+001  1.6241884e+002
  1.0290692e+002  1.5645759e+002
  1.1637091e+002  1.5199689e+002
  1.2683380e+002  1.5351108e+002
  1.3730488e+002  1.5054001e+002
  1.5224758e+002  1.5505257e+002
  1.6867718e+002  1.6405313e+002
  1.5371265e+002  1.7150128e+002
  1.4025139e+002  1.7446689e+002
  1.2828795e+002  1.7594015e+002
  1.1632723e+002  1.7591831e+002
  1.0287962e+002  1.7140848e+002
  1.0438836e+002  1.6393576e+002
  1.1336435e+002  1.6096196e+002
  1.2681742e+002  1.6248162e+002
  1.3878086e+002  1.6100836e+002
  1.5372902e+002  1.6253075e+002
  1.3877267e+002  1.6549363e+002
  1.2680923e+002  1.6696688e+002
  1.1335616e+002  1.6544723e+002
  2.6853912e+001  4.8671977e+001
  2.5312420e+001  7.4085759e+001
  2.6758377e+001  1.0100009e+002
  3.1191782e+001  1.2941497e+002
  3.7123005e+001  1.5633749e+002
  4.6049866e+001  1.8027529e+002
  5.9464723e+001  2.0272619e+002
  7.7370305e+001  2.2219510e+002
  9.9769344e+001  2.3718693e+002
  1.2667003e+002  2.4321642e+002
  1.5358981e+002  2.3878028e+002
  1.7604344e+002  2.2387034e+002
  1.9551509e+002  2.0446967e+002
  2.1050692e+002  1.8207063e+002
  2.1952658e+002  1.5517541e+002
  2.2406371e+002  1.2677690e+002
  2.2710302e+002  9.9870763e+001
  2.2565161e+002  7.5946610e+001
  2.2121274e+002  5.0521910e+001
