  9.5742038e+001  5.6784093e+001
  8.3748391e+001  4.7612154e+001
  7.3208006e+001  4.4493584e+001
  5.9591460e+001  4.7385974e+001
  5.0461930e+001  5.4850197e+001
  5.9464234e+001  6.0974247e+001
  7.1528563e+001  6.2597145e+001
  8.3621164e+001  6.1200427e+001
  1.6215946e+002  5.8915896e+001
  1.7128899e+002  5.1451673e+001
  1.8491967e+002  4.7049475e+001
  1.9696986e+002  5.0182181e+001
  2.0597217e+002  5.6306231e+001
  1.9685677e+002  6.2260646e+001
  1.8477831e+002  6.2147556e+001
  1.7120417e+002  6.0510522e+001
  1.0052592e+002  2.9649955e+001
  8.0954954e+001  2.3426951e+001
  4.9319665e+001  1.5581049e+001
  3.2598685e+001  2.7504016e+001
  2.7956171e+001  3.9540072e+001
  3.3981267e+001  4.1106425e+001
  3.8595509e+001  3.2089985e+001
  5.2268600e+001  2.3158363e+001
  7.7878793e+001  2.9437911e+001
  9.8945426e+001  3.7184859e+001
  1.5335506e+002  3.1654532e+001
  1.7610114e+002  2.1297919e+001
  1.9883308e+002  1.2451114e+001
  2.1689423e+002  1.8659981e+001
  2.2430191e+002  3.3828744e+001
  2.1975835e+002  3.5296143e+001
  2.1378980e+002  2.7690558e+001
  2.0022980e+002  2.4543715e+001
  1.8053161e+002  3.1908985e+001
  1.5628986e+002  4.0741653e+001
  1.1390214e+002  5.2424303e+001
  1.1216616e+002  7.6567097e+001
  1.0597143e+002  9.3118442e+001
  9.6785350e+001  1.0662190e+002
  9.6629851e+001  1.2322979e+002
  1.1620081e+002  1.2945279e+002
  1.3280870e+002  1.2960829e+002
  1.5703631e+002  1.2228543e+002
  1.5868748e+002  1.0720148e+002
  1.4821778e+002  9.6533873e+001
  1.4387213e+002  7.6863958e+001
  1.4257436e+002  5.4202700e+001
  9.1747020e+001  1.6093258e+002
  1.0389617e+002  1.5349663e+002
  1.1603118e+002  1.4757049e+002
  1.2809551e+002  1.4919339e+002
  1.4020224e+002  1.4628686e+002
  1.5524378e+002  1.5246746e+002
  1.6878964e+002  1.5712411e+002
  1.5661223e+002  1.6757967e+002
  1.4449135e+002  1.7199601e+002
  1.2936500e+002  1.7487426e+002
  1.1428105e+002  1.7322309e+002
  1.0224500e+002  1.6858058e+002
  1.0080587e+002  1.6101740e+002
  1.1443655e+002  1.5661520e+002
  1.2802482e+002  1.5674243e+002
  1.4614252e+002  1.5691206e+002
  1.5669704e+002  1.5852082e+002
  1.4612839e+002  1.5842187e+002
  1.2799655e+002  1.5976204e+002
  1.1440828e+002  1.5963482e+002
  1.8784232e+001  5.1533719e+001
  2.0067860e+001  7.5704786e+001
  2.1337352e+001  1.0138566e+002
  2.7150405e+001  1.2559914e+002
  3.1439513e+001  1.5130828e+002
  4.0286318e+001  1.7404022e+002
  5.9730052e+001  1.9385150e+002
  8.0754276e+001  2.0612787e+002
  1.0176436e+002  2.1991405e+002
  1.2738869e+002  2.2468379e+002
  1.5004995e+002  2.2338603e+002
  1.7132863e+002  2.0848585e+002
  1.9259317e+002  1.9509549e+002
  2.1089464e+002  1.7563762e+002
  2.2016553e+002  1.5307531e+002
  2.2490700e+002  1.3047060e+002
  2.2815279e+002  1.0634194e+002
  2.3141273e+002  8.0703477e+001
  2.3012910e+002  5.6532411e+001
