  9.9258452e+001  5.6394350e+001
  8.7044388e+001  4.6036276e+001
  7.6453229e+001  4.3186709e+001
  6.4448942e+001  4.6385902e+001
  5.4020942e+001  5.4080877e+001
  6.3129046e+001  5.8460116e+001
  7.5226568e+001  6.1286374e+001
  8.7254164e+001  5.9593544e+001
  1.5951298e+002  5.5462013e+001
  1.6539858e+002  4.6330601e+001
  1.8041559e+002  4.3084790e+001
  1.9401948e+002  4.5887740e+001
  2.0317420e+002  5.3279705e+001
  1.9269958e+002  5.7961954e+001
  1.8069529e+002  6.1161147e+001
  1.7012744e+002  5.9817943e+001
  9.8815592e+001  2.7773451e+001
  8.3658727e+001  2.1981083e+001
  5.8027246e+001  2.0870963e+001
  4.9035684e+001  2.4023540e+001
  3.8584376e+001  3.0212152e+001
  4.1667028e+001  3.4684624e+001
  5.2118336e+001  2.8496013e+001
  6.1156514e+001  2.8356162e+001
  8.0785851e+001  3.1065879e+001
  9.5919408e+001  3.5351884e+001
  1.5605739e+002  2.6887731e+001
  1.6655531e+002  2.3711846e+001
  1.8609142e+002  2.0396110e+001
  2.0117836e+002  2.1669389e+001
  2.1334580e+002  2.9014737e+001
  2.1798144e+002  3.6476627e+001
  2.0127159e+002  2.7694841e+001
  1.8771432e+002  2.7904617e+001
  1.6667186e+002  3.1243661e+001
  1.5916335e+002  3.2866566e+001
  1.1274580e+002  5.1665485e+001
  1.1304880e+002  7.1248205e+001
  1.0725644e+002  8.6405070e+001
  9.7038212e+001  1.0765731e+002
  1.0023741e+002  1.1966160e+002
  1.2134980e+002  1.2084165e+002
  1.3490707e+002  1.2063187e+002
  1.5296012e+002  1.1884581e+002
  1.5425670e+002  1.0526523e+002
  1.4343246e+002  8.7352031e+001
  1.3715061e+002  7.0875270e+001
  1.3684760e+002  5.1292550e+001
  8.7309466e+001  1.6054318e+002
  1.0075019e+002  1.5280159e+002
  1.1421423e+002  1.4656636e+002
  1.2781811e+002  1.4936931e+002
  1.3984571e+002  1.4767648e+002
  1.5347290e+002  1.5198579e+002
  1.7314885e+002  1.5770824e+002
  1.5827169e+002  1.6999222e+002
  1.4177162e+002  1.7476771e+002
  1.2826097e+002  1.7799021e+002
  1.1011469e+002  1.7375082e+002
  9.9476913e+001  1.6788853e+002
  9.7877316e+001  1.6188638e+002
  1.1143458e+002  1.6167661e+002
  1.2800458e+002  1.6142022e+002
  1.4455126e+002  1.5965746e+002
  1.5810853e+002  1.5944768e+002
  1.4457457e+002  1.6116382e+002
  1.2800458e+002  1.6142022e+002
  1.1143458e+002  1.6167661e+002
  1.9304665e+001  5.0097882e+001
  1.9607675e+001  6.9680602e+001
  2.1580207e+001  9.9784555e+001
  2.9508266e+001  1.2527619e+002
  3.4446907e+001  1.5232080e+002
  4.3904637e+001  1.7929548e+002
  5.9294586e+001  2.0015148e+002
  7.9180316e+001  2.1943119e+002
  1.0344529e+002  2.2960280e+002
  1.3062975e+002  2.3370234e+002
  1.5616799e+002  2.2878700e+002
  1.7857697e+002  2.1638647e+002
  1.9642024e+002  2.0104314e+002
  2.1125079e+002  1.8574642e+002
  2.2443513e+002  1.6143484e+002
  2.3006433e+002  1.3573343e+002
  2.3418718e+002  1.1005533e+002
  2.3680366e+002  8.4400545e+001
  2.3629088e+002  5.1260557e+001
