  9.9253353e+001  5.6689654e+001
  9.1704621e+001  4.7510760e+001
  8.1083097e+001  4.2876896e+001
  6.8890631e+001  4.5841116e+001
  5.6678426e+001  5.1848517e+001
  6.7290079e+001  5.8003971e+001
  7.9452934e+001  5.9604523e+001
  9.1635529e+001  5.8161894e+001
  1.5556208e+002  5.5533262e+001
  1.6626256e+002  4.7994400e+001
  1.7693344e+002  4.5020310e+001
  1.8909629e+002  4.6620863e+001
  1.9970795e+002  5.2776317e+001
  1.8901733e+002  5.8793588e+001
  1.7836620e+002  5.8724496e+001
  1.6620334e+002  5.7123944e+001
  1.0552725e+002  2.7818913e+001
  8.2733000e+001  2.3106088e+001
  5.6885700e+001  1.9895113e+001
  4.3151904e+001  2.5892644e+001
  3.5494599e+001  3.3451246e+001
  3.8498300e+001  3.9557349e+001
  4.6135864e+001  3.5041928e+001
  5.8328329e+001  3.2077709e+001
  8.2663909e+001  3.3757223e+001
  1.0545816e+002  3.8470048e+001
  1.4965338e+002  2.8105150e+001
  1.7403831e+002  2.2176710e+001
  1.9079555e+002  1.9242102e+001
  2.0748369e+002  2.6958627e+001
  2.2112866e+002  3.4655412e+001
  2.1803612e+002  4.2243625e+001
  2.0439116e+002  3.4546840e+001
  1.8918512e+002  3.2926547e+001
  1.7396922e+002  3.2827845e+001
  1.5416880e+002  3.5742713e+001
  1.1297728e+002  5.2213715e+001
  1.1284897e+002  7.1994393e+001
  1.0815588e+002  9.1745460e+001
  9.7406045e+001  1.0689228e+002
  1.0036039e+002  1.2060633e+002
  1.1859974e+002  1.2376796e+002
  1.3686870e+002  1.2236481e+002
  1.5514753e+002  1.1944007e+002
  1.5674808e+002  1.0727721e+002
  1.4163088e+002  9.1962605e+001
  1.3719442e+002  7.2152316e+001
  1.3732273e+002  5.2371638e+001
  8.4897733e+001  1.5854739e+002
  9.8641399e+001  1.5102827e+002
  1.1693010e+002  1.4658194e+002
  1.2756149e+002  1.4969422e+002
  1.3822250e+002  1.4824172e+002
  1.5493038e+002  1.5291506e+002
  1.7011668e+002  1.5757854e+002
  1.5486129e+002  1.6356620e+002
  1.4110775e+002  1.7260691e+002
  1.2740357e+002  1.7403967e+002
  1.1220740e+002  1.7089778e+002
  1.0005442e+002  1.6777564e+002
  9.7080328e+001  1.5710477e+002
  1.1229623e+002  1.5720347e+002
  1.2750227e+002  1.5882376e+002
  1.4424964e+002  1.5741074e+002
  1.5489090e+002  1.5900143e+002
  1.4424964e+002  1.5741074e+002
  1.2750227e+002  1.5882376e+002
  1.1229623e+002  1.5720347e+002
  1.5615219e+001  4.8538840e+001
  1.3925835e+001  7.4396010e+001
  1.5269762e+001  1.0179451e+002
  1.8135279e+001  1.2920288e+002
  2.5575439e+001  1.5511927e+002
  3.7580370e+001  1.8106528e+002
  5.4189554e+001  2.0095453e+002
  7.6914711e+001  2.1631849e+002
  1.0270279e+002  2.2865901e+002
  1.3007168e+002  2.3187985e+002
  1.5445661e+002  2.2595141e+002
  1.7887115e+002  2.1545820e+002
  2.0028199e+002  1.9885889e+002
  2.1715768e+002  1.7766519e+002
  2.2794699e+002  1.5643201e+002
  2.3421102e+002  1.2908286e+002
  2.4046517e+002  1.0325530e+002
  2.4215456e+002  7.7398133e+001
  2.4080076e+002  5.1521222e+001
