  9.9636740e+001  5.7700118e+001
  8.9223192e+001  4.7057068e+001
  7.5719593e+001  4.3901446e+001
  6.3654466e+001  4.6778388e+001
  5.6052288e+001  5.4216637e+001
  6.3506929e+001  6.0314772e+001
  7.5522878e+001  6.1949959e+001
  8.7571613e+001  6.0577059e+001
  1.5381506e+002  5.5282178e+001
  1.6442533e+002  4.7876715e+001
  1.7801089e+002  4.3512123e+001
  1.8999405e+002  4.8155395e+001
  1.9891995e+002  5.7278009e+001
  1.8984652e+002  6.1691779e+001
  1.7779778e+002  6.3064678e+001
  1.6427779e+002  6.1413099e+001
  1.0452591e+002  2.3156314e+001
  8.8063401e+001  1.5455779e+001
  6.4047896e+001  1.0681364e+001
  4.5917419e+001  1.8004862e+001
  3.8315241e+001  2.5443111e+001
  4.1257755e+001  3.1492067e+001
  5.3372061e+001  2.4102997e+001
  6.3933146e+001  2.1209662e+001
  8.4940565e+001  2.5951292e+001
  1.0143586e+002  3.0643742e+001
  1.4812675e+002  2.5135752e+001
  1.6475319e+002  1.7795861e+001
  1.9037109e+002  1.3562413e+001
  2.0534595e+002  1.9742513e+001
  2.1577589e+002  2.8881520e+001
  2.1121458e+002  3.3344469e+001
  2.0225590e+002  2.7229941e+001
  1.8871951e+002  2.7082404e+001
  1.6612608e+002  2.9844596e+001
  1.5255691e+002  3.2705145e+001
  1.1624678e+002  5.1864269e+001
  1.1752132e+002  7.2937260e+001
  1.1129204e+002  9.2424243e+001
  9.9112166e+001  1.0582948e+002
  1.0491523e+002  1.2544761e+002
  1.2301292e+002  1.2113220e+002
  1.3955739e+002  1.2131252e+002
  1.5603629e+002  1.2750901e+002
  1.6224917e+002  1.0952607e+002
  1.4740546e+002  9.1313631e+001
  1.4008196e+002  7.3183154e+001
  1.4029507e+002  5.3630599e+001
  8.7993721e+001  1.5986027e+002
  1.0159568e+002  1.5399164e+002
  1.1519763e+002  1.4812300e+002
  1.3020527e+002  1.5129502e+002
  1.4227040e+002  1.4841807e+002
  1.5574121e+002  1.5458178e+002
  1.7372416e+002  1.6079467e+002
  1.6005663e+002  1.7267947e+002
  1.4343019e+002  1.8001936e+002
  1.2989381e+002  1.7987183e+002
  1.1486978e+002  1.7820386e+002
  1.0290300e+002  1.7205654e+002
  9.9993277e+001  1.6299950e+002
  1.1658692e+002  1.5866769e+002
  1.3012331e+002  1.5881523e+002
  1.4365969e+002  1.5896277e+002
  1.6167542e+002  1.6216757e+002
  1.4511456e+002  1.6349129e+002
  1.3007413e+002  1.6332736e+002
  1.1653775e+002  1.6317982e+002
  1.8484006e+001  5.0798728e+001
  1.6717677e+001  7.4847018e+001
  1.7910253e+001  1.0344022e+002
  2.3647744e+001  1.2907452e+002
  2.7864799e+001  1.5619647e+002
  3.9651247e+001  1.7888825e+002
  5.8990694e+001  1.9865392e+002
  7.8362926e+001  2.1541149e+002
  1.0229647e+002  2.2770612e+002
  1.2783241e+002  2.3099289e+002
  1.5343392e+002  2.2826348e+002
  1.7463805e+002  2.1495660e+002
  1.9584219e+002  2.0164971e+002
  2.1261616e+002  1.8077344e+002
  2.2039866e+002  1.5679072e+002
  2.2218138e+002  1.3123839e+002
  2.2545175e+002  1.0720649e+002
  2.2574683e+002  8.0133722e+001
  2.2298463e+002  5.7540296e+001
