  9.8306870e+001  5.7180160e+001
  8.8982168e+001  4.9961162e+001
  7.6748165e+001  4.5868483e+001
  6.4731180e+001  4.7811424e+001
  5.2985467e+001  5.7298889e+001
  6.3710565e+001  6.1445823e+001
  7.7344964e+001  6.2466437e+001
  8.7853044e+001  6.0577751e+001
  1.6011772e+002  5.3446821e+001
  1.6744522e+002  4.7139929e+001
  1.8086261e+002  4.2124924e+001
  1.9455126e+002  4.4654443e+001
  2.0393022e+002  5.3382346e+001
  1.9347639e+002  5.6779937e+001
  1.8302256e+002  6.0177528e+001
  1.6938816e+002  5.9156914e+001
  1.0654648e+002  3.4221059e+001
  8.1969967e+001  2.3017891e+001
  5.9282139e+001  2.2322804e+001
  4.5810504e+001  2.5828904e+001
  3.8537251e+001  3.3644701e+001
  4.1663570e+001  3.6554002e+001
  4.9045331e+001  3.1756015e+001
  5.9553411e+001  2.9867328e+001
  8.0786589e+001  3.2125575e+001
  1.0067363e+002  3.8964792e+001
  1.4723266e+002  3.1247283e+001
  1.6652290e+002  2.1488545e+001
  1.8753906e+002  1.7711172e+001
  2.0737184e+002  2.3041484e+001
  2.1809694e+002  2.7188417e+001
  2.1831396e+002  3.3224037e+001
  2.0758886e+002  2.9077103e+001
  1.8937349e+002  2.6710347e+001
  1.6981198e+002  2.8924561e+001
  1.5197639e+002  3.7120139e+001
  1.1177851e+002  5.3674059e+001
  1.1108342e+002  7.6361888e+001
  1.0553609e+002  9.0159050e+001
  9.5624807e+001  1.0864569e+002
  1.0505802e+002  1.1888250e+002
  1.2165597e+002  1.1828570e+002
  1.3372721e+002  1.1785166e+002
  1.5043367e+002  1.2027267e+002
  1.5754416e+002  1.0793016e+002
  1.4783968e+002  9.0148829e+001
  1.4277042e+002  7.5222544e+001
  1.4195660e+002  5.2588970e+001
  7.9254092e+001  1.5758170e+002
  9.6981170e+001  1.4636831e+002
  1.1487101e+002  1.3968164e+002
  1.2559611e+002  1.4382857e+002
  1.3297787e+002  1.3903059e+002
  1.4963008e+002  1.3994269e+002
  1.7722440e+002  1.5103735e+002
  1.6251513e+002  1.6214223e+002
  1.4607995e+002  1.6726574e+002
  1.2517229e+002  1.7406093e+002
  1.0841158e+002  1.7013101e+002
  9.4560159e+001  1.6307478e+002
  9.4288887e+001  1.5553025e+002
  1.1239575e+002  1.5487920e+002
  1.2597589e+002  1.5439091e+002
  1.4257384e+002  1.5379411e+002
  1.6213535e+002  1.5157990e+002
  1.4408275e+002  1.5373985e+002
  1.2597589e+002  1.5439091e+002
  1.1239575e+002  1.5487920e+002
  2.4153510e+001  5.3803010e+001
  2.2112281e+001  8.1071807e+001
  2.2980353e+001  1.0521429e+002
  2.9938299e+001  1.3064865e+002
  3.5387340e+001  1.5613727e+002
  4.2345286e+001  1.8157164e+002
  5.6739248e+001  2.0371692e+002
  7.4096765e+001  2.2424479e+002
  9.7110120e+001  2.3399331e+002
  1.2448743e+002  2.3905235e+002
  1.5159346e+002  2.3656686e+002
  1.7535616e+002  2.2513646e+002
  1.9901035e+002  2.1068824e+002
  2.1641190e+002  1.9042142e+002
  2.2605191e+002  1.6439026e+002
  2.3116520e+002  1.3852185e+002
  2.3466108e+002  1.0968990e+002
  2.3653954e+002  7.7894385e+001
  2.3405406e+002  5.0788351e+001
