  1.0107036e+002  5.7534280e+001
  9.1727305e+001  4.7198929e+001
  7.8051647e+001  4.4536485e+001
  6.4575361e+001  4.9427323e+001
  5.5790541e+001  6.0241165e+001
  6.4894355e+001  6.1512576e+001
  8.0040795e+001  6.2624490e+001
  9.3596830e+001  6.0754964e+001
  1.5537425e+002  5.3077491e+001
  1.6574948e+002  4.5245088e+001
  1.7926564e+002  4.1864907e+001
  1.9302104e+002  4.7548664e+001
  2.0383489e+002  5.6333483e+001
  1.9182938e+002  5.9673791e+001
  1.7676269e+002  6.1583191e+001
  1.6304716e+002  5.7410090e+001
  1.0317457e+002  2.2709430e+001
  8.7988254e+001  2.0086859e+001
  5.9285779e+001  2.0844471e+001
  4.5849367e+001  2.7245966e+001
  3.7024673e+001  3.6549152e+001
  4.1676266e+001  4.0961498e+001
  4.9030177e+001  3.3208844e+001
  5.8054243e+001  3.1458942e+001
  8.5285935e+001  3.2251861e+001
  1.0190316e+002  3.1813243e+001
  1.4543308e+002  2.0082293e+001
  1.6499186e+002  1.6542613e+001
  1.9830606e+002  1.8686692e+001
  2.1055081e+002  2.4410324e+001
  2.1683268e+002  3.3314766e+001
  2.1234059e+002  3.4945046e+001
  2.0617834e+002  3.0572573e+001
  1.9699477e+002  2.6279849e+001
  1.6527099e+002  2.7117209e+001
  1.5024417e+002  3.0537266e+001
  1.1605731e+002  5.2603567e+001
  1.1506502e+002  7.2281977e+001
  1.0950088e+002  9.0569353e+001
  9.7774498e+001  1.0448426e+002
  1.0421587e+002  1.1943133e+002
  1.1781178e+002  1.1907246e+002
  1.3295822e+002  1.2018437e+002
  1.4961531e+002  1.2125641e+002
  1.5374854e+002  1.0603022e+002
  1.4281508e+002  9.2713431e+001
  1.3776474e+002  7.3194519e+001
  1.3724637e+002  5.3555983e+001
  8.5614064e+001  1.5922676e+002
  1.0048138e+002  1.4976408e+002
  1.1089648e+002  1.4344233e+002
  1.2453227e+002  1.4459412e+002
  1.3657764e+002  1.4276447e+002
  1.4882239e+002  1.4848810e+002
  1.6416821e+002  1.5715330e+002
  1.5228232e+002  1.6502558e+002
  1.3725551e+002  1.6844563e+002
  1.2517026e+002  1.6876463e+002
  1.1153447e+002  1.6761284e+002
  9.7858813e+001  1.6495039e+002
  9.6188660e+001  1.5894764e+002
  1.1113573e+002  1.5250627e+002
  1.2628217e+002  1.5361819e+002
  1.3987808e+002  1.5325932e+002
  1.5510427e+002  1.5739254e+002
  1.3999770e+002  1.5779129e+002
  1.2644167e+002  1.5966081e+002
  1.1129523e+002  1.5854890e+002
  2.5417912e+001  5.4996025e+001
  2.3074462e+001  8.0756935e+001
  2.5262982e+001  1.0639822e+002
  2.9002033e+001  1.3351029e+002
  3.2701209e+001  1.5911171e+002
  4.0932355e+001  1.8459350e+002
  5.5126379e+001  2.0689448e+002
  7.5123783e+001  2.1997202e+002
  9.9573409e+001  2.2990863e+002
  1.2692472e+002  2.3523352e+002
  1.5256601e+002  2.3304500e+002
  1.7796805e+002  2.2179254e+002
  2.0026903e+002  2.0759851e+002
  2.1934933e+002  1.8593096e+002
  2.2928594e+002  1.6148133e+002
  2.3608161e+002  1.3257948e+002
  2.3989584e+002  1.0526804e+002
  2.4223929e+002  7.9507131e+001
  2.4152155e+002  5.2315313e+001
