  1.0263645e+002  5.4694490e+001
  9.2087916e+001  4.6976754e+001
  7.8431502e+001  4.5301596e+001
  6.6225124e+001  4.9720969e+001
  5.7040035e+001  5.5694280e+001
  6.7623207e+001  6.0373410e+001
  7.9777634e+001  6.0511947e+001
  9.1966696e+001  5.7611877e+001
  1.5427545e+002  5.6802576e+001
  1.6347786e+002  4.9309962e+001
  1.7720354e+002  4.4907906e+001
  1.8932333e+002  4.8085049e+001
  1.9835257e+002  5.5785469e+001
  1.8918480e+002  6.0239476e+001
  1.7701305e+002  6.1620243e+001
  1.6335664e+002  5.9945085e+001
  1.0149813e+002  2.1252499e+001
  8.3301121e+001  1.8006087e+001
  5.5953660e+001  1.7694379e+001
  4.0656723e+001  2.6637028e+001
  3.2938987e+001  3.7185566e+001
  3.7427628e+001  4.3314730e+001
  4.5093414e+001  3.7324103e+001
  5.7334426e+001  2.9866123e+001
  8.4699204e+001  2.8658528e+001
  1.0137691e+002  3.1887623e+001
  1.5317176e+002  2.0321978e+001
  1.6990141e+002  1.8993163e+001
  1.9576421e+002  1.6248947e+001
  2.0936867e+002  2.2482015e+001
  2.1841522e+002  2.8663131e+001
  2.1530734e+002  3.4705710e+001
  2.0474149e+002  2.8507277e+001
  1.9260438e+002  2.6849436e+001
  1.6826089e+002  2.9610969e+001
  1.5456984e+002  3.0974419e+001
  1.1482552e+002  5.1794421e+001
  1.1460039e+002  7.1545364e+001
  1.0831537e+002  8.9707737e+001
  9.7524395e+001  1.0326025e+002
  1.0187450e+002  1.2154384e+002
  1.1862147e+002  1.1869572e+002
  1.3381451e+002  1.1886889e+002
  1.5049221e+002  1.2209799e+002
  1.5524061e+002  1.0543760e+002
  1.4476134e+002  9.1642651e+001
  1.3890925e+002  7.1822438e+001
  1.3759775e+002  5.3573481e+001
  8.6248538e+001  1.5935325e+002
  9.9991537e+001  1.5343189e+002
  1.1223255e+002  1.4597391e+002
  1.2587165e+002  1.4916837e+002
  1.4109931e+002  1.4630294e+002
  1.5470378e+002  1.5253601e+002
  1.6525231e+002  1.6025374e+002
  1.5302862e+002  1.6619242e+002
  1.4082224e+002  1.7061179e+002
  1.2561189e+002  1.7195792e+002
  1.1347478e+002  1.7030008e+002
  9.9818366e+001  1.6862493e+002
  9.2308435e+001  1.6094182e+002
  1.0601680e+002  1.5805907e+002
  1.2424844e+002  1.5826688e+002
  1.3945879e+002  1.5692075e+002
  1.5463451e+002  1.5861322e+002
  1.3942416e+002  1.5995935e+002
  1.2421381e+002  1.6130548e+002
  1.0750147e+002  1.6111499e+002
  2.5186616e+001  5.0772710e+001
  2.3372921e+001  7.6583551e+001
  2.7653757e+001  1.0094436e+002
  3.0363339e+001  1.2984575e+002
  3.4644175e+001  1.5420656e+002
  4.1946301e+001  1.8012130e+002
  5.8433515e+001  2.0006274e+002
  7.8011288e+001  2.1548089e+002
  1.0067962e+002  2.2637577e+002
  1.2951175e+002  2.2974340e+002
  1.5539186e+002  2.2547989e+002
  1.7976998e+002  2.1967975e+002
  2.0423469e+002  2.0628309e+002
  2.2115483e+002  1.8824194e+002
  2.3360365e+002  1.6255232e+002
  2.3847327e+002  1.3525681e+002
  2.3878498e+002  1.0790935e+002
  2.3604076e+002  8.2046555e+001
  2.3329654e+002  5.6183763e+001
