  9.9068790e+001  5.8076751e+001
  8.8495911e+001  4.5977565e+001
  7.4894051e+001  4.2945630e+001
  6.2798804e+001  4.7472363e+001
  5.5236198e+001  5.5025123e+001
  6.4301479e+001  6.1077177e+001
  7.4881251e+001  6.2595606e+001
  8.6974528e+001  6.1091947e+001
  1.5801970e+002  5.6603616e+001
  1.6558329e+002  4.7539319e+001
  1.7767756e+002  4.4524123e+001
  1.8976887e+002  4.6043537e+001
  2.0034273e+002  5.6631186e+001
  1.8975902e+002  6.1158903e+001
  1.7766574e+002  6.2662563e+001
  1.6557542e+002  5.9631612e+001
  1.0211747e+002  1.8778768e+001
  8.2471427e+001  1.2719821e+001
  5.5263768e+001  1.2702097e+001
  3.8628988e+001  2.4783559e+001
  3.1061458e+001  3.9894002e+001
  3.4083547e+001  4.1407508e+001
  4.1648123e+001  3.0831675e+001
  5.8278964e+001  2.4796360e+001
  8.0952013e+001  2.4811129e+001
  9.9088484e+001  2.7846019e+001
  1.4746159e+002  2.1831381e+001
  1.7316362e+002  1.2778900e+001
  2.0037128e+002  1.2796624e+001
  2.1245668e+002  2.3385258e+001
  2.2152098e+002  3.0948849e+001
  2.1698342e+002  3.5480504e+001
  2.0791814e+002  2.9428450e+001
  1.9734132e+002  2.3375411e+001
  1.7617980e+002  2.3361626e+001
  1.5047679e+002  3.3925643e+001
  1.1418810e+002  5.2040451e+001
  1.1568388e+002  7.6226022e+001
  1.1264899e+002  9.4362492e+001
  1.0356992e+002  1.0947195e+002
  1.0658118e+002  1.2761236e+002
  1.2169655e+002  1.2762220e+002
  1.3530038e+002  1.2763107e+002
  1.4890420e+002  1.2763993e+002
  1.5496118e+002  1.1101697e+002
  1.4439027e+002  9.5894706e+001
  1.3986846e+002  7.6241776e+001
  1.3988422e+002  5.2057190e+001
  8.9933599e+001  1.5934380e+002
  1.0202885e+002  1.5481706e+002
  1.1714717e+002  1.5029230e+002
  1.2621442e+002  1.5332128e+002
  1.3679616e+002  1.5181664e+002
  1.5039703e+002  1.5636011e+002
  1.6550945e+002  1.6090457e+002
  1.5341223e+002  1.6845437e+002
  1.3678336e+002  1.7146661e+002
  1.2620260e+002  1.7145972e+002
  1.1411031e+002  1.7145184e+002
  1.0201998e+002  1.6842089e+002
  1.0051239e+002  1.6237376e+002
  1.1260665e+002  1.5935857e+002
  1.2620949e+002  1.6087896e+002
  1.3830277e+002  1.5937531e+002
  1.5190463e+002  1.6240724e+002
  1.3829982e+002  1.6390992e+002
  1.2620752e+002  1.6390204e+002
  1.1411523e+002  1.6389416e+002
  2.6518971e+001  5.1983341e+001
  2.3481128e+001  7.4654421e+001
  2.7998014e+001  1.0186503e+002
  3.2515885e+001  1.2756411e+002
  3.7034741e+001  1.5175165e+002
  4.7599743e+001  1.7594313e+002
  6.4213845e+001  1.9560394e+002
  8.2342438e+001  2.1073112e+002
  1.0349312e+002  2.2737181e+002
  1.2616321e+002  2.3192119e+002
  1.5035174e+002  2.2589079e+002
  1.7454519e+002  2.1230272e+002
  1.9420599e+002  1.9568862e+002
  2.1235527e+002  1.7907353e+002
  2.2295178e+002  1.5489584e+002
  2.2750313e+002  1.2920267e+002
  2.3205349e+002  1.0502104e+002
  2.3660385e+002  8.0839404e+001
  2.3662059e+002  5.5143281e+001
