  1.0040374e+002  6.0135941e+001
  8.9772891e+001  4.9483830e+001
  7.6095547e+001  4.4909526e+001
  6.2409090e+001  4.9456489e+001
  5.3280228e+001  5.7048431e+001
  6.3917150e+001  6.1619697e+001
  7.6077320e+001  6.3152060e+001
  8.8240528e+001  6.1644000e+001
  1.5817480e+002  5.7153239e+001
  1.6578345e+002  4.9559778e+001
  1.7946991e+002  4.5012815e+001
  1.9314877e+002  4.8066908e+001
  2.0378113e+002  5.7198807e+001
  1.9465531e+002  6.1750327e+001
  1.8097189e+002  6.3256867e+001
  1.6729151e+002  6.1722986e+001
  1.0955234e+002  3.2781254e+001
  8.8280021e+001  2.2118510e+001
  6.0922296e+001  1.6010325e+001
  4.5715628e+001  2.0555769e+001
  3.3550900e+001  2.3584039e+001
  3.5063517e+001  3.1186614e+001
  4.8745417e+001  3.1200285e+001
  6.0908625e+001  2.9692225e+001
  8.3710274e+001  3.1235220e+001
  1.0650433e+002  4.0379272e+001
  1.4908543e+002  2.5219691e+001
  1.6733556e+002  1.7636862e+001
  1.9014480e+002  1.1578802e+001
  2.0686257e+002  1.6156144e+001
  2.1749797e+002  2.2247621e+001
  2.1445299e+002  2.6805217e+001
  2.0381303e+002  2.5274373e+001
  1.9165134e+002  2.5262221e+001
  1.7036535e+002  2.8281378e+001
  1.5059653e+002  3.4342477e+001
  1.1865387e+002  5.2553112e+001
  1.1711239e+002  7.3834550e+001
  1.1101484e+002  9.0550796e+001
  9.8839475e+001  1.0422055e+002
  1.0338492e+002  1.1942721e+002
  1.2466788e+002  1.1944848e+002
  1.3834826e+002  1.2098236e+002
  1.5506906e+002  1.2251928e+002
  1.5964488e+002  1.0732173e+002
  1.5053881e+002  9.2110500e+001
  1.4295598e+002  7.3860372e+001
  1.4145703e+002  5.2575897e+001
  7.9025086e+001  1.5588798e+002
  9.8793907e+001  1.4982688e+002
  1.1400058e+002  1.4528143e+002
  1.2767944e+002  1.4833553e+002
  1.4136286e+002  1.4682899e+002
  1.5807910e+002  1.5292654e+002
  1.7175493e+002  1.5902106e+002
  1.5654066e+002  1.7116756e+002
  1.4437290e+002  1.7723625e+002
  1.2764754e+002  1.8025996e+002
  1.0940804e+002  1.7720131e+002
  9.4212008e+001  1.7110528e+002
  9.2705467e+001  1.5742186e+002
  1.1246821e+002  1.5744161e+002
  1.2766881e+002  1.5897701e+002
  1.4591134e+002  1.5899523e+002
  1.5807151e+002  1.6052760e+002
  1.4590678e+002  1.6355587e+002
  1.2766425e+002  1.6353764e+002
  1.1094344e+002  1.6200072e+002
  1.8319929e+001  5.2452862e+001
  1.6773896e+001  7.8294932e+001
  2.2828918e+001  1.0414460e+002
  2.7363729e+001  1.2999274e+002
  3.3418752e+001  1.5584241e+002
  4.0995504e+001  1.8017338e+002
  5.6176350e+001  2.0147153e+002
  7.7444117e+001  2.1669491e+002
  1.0023513e+002  2.2887938e+002
  1.2759590e+002  2.3194714e+002
  1.5192535e+002  2.2589060e+002
  1.7625936e+002  2.1527343e+002
  1.9451860e+002  1.9856933e+002
  2.0974046e+002  1.7882178e+002
  2.1736582e+002  1.5450599e+002
  2.2195076e+002  1.3018717e+002
  2.2805590e+002  1.0586987e+002
  2.3264236e+002  8.0030834e+001
  2.3570709e+002  5.5710494e+001
