  1.0025448e+002  5.5771391e+001
  9.2595191e+001  4.8314217e+001
  7.8949951e+001  4.5472827e+001
  6.6876992e+001  4.7146165e+001
  5.6416736e+001  5.6357523e+001
  6.5547249e+001  6.0771193e+001
  7.9192489e+001  6.3612583e+001
  8.8221944e+001  6.0468022e+001
  1.5618539e+002  5.5023569e+001
  1.6513400e+002  4.5832422e+001
  1.7567511e+002  4.2667649e+001
  1.9081178e+002  4.3977181e+001
  2.0000293e+002  5.2925791e+001
  1.8950225e+002  5.9113856e+001
  1.7894094e+002  6.0766982e+001
  1.6531591e+002  5.9437239e+001
  1.0593726e+002  2.8480912e+001
  8.7696446e+001  2.1165217e+001
  6.0426178e+001  1.6994084e+001
  4.5370349e+001  2.1731137e+001
  3.3418659e+001  3.2474353e+001
  3.8014232e+001  3.6948658e+001
  4.7003264e+001  3.0780804e+001
  6.2059093e+001  2.6043751e+001
  8.4794422e+001  3.0275518e+001
  1.0607874e+002  3.9062436e+001
  1.4973458e+002  2.4871488e+001
  1.6325855e+002  1.8642999e+001
  1.8581198e+002  9.2699500e+000
  2.1312267e+002  1.6464376e+001
  2.2233403e+002  2.6924632e+001
  2.1790015e+002  3.4543498e+001
  2.0870900e+002  2.5594888e+001
  1.9050861e+002  2.1302486e+001
  1.6791476e+002  2.7652243e+001
  1.4685277e+002  3.5493435e+001
  1.1531031e+002  5.1034338e+001
  1.1557306e+002  7.0685740e+001
  1.1279230e+002  8.8865919e+001
  9.7958799e+001  1.1023108e+002
  1.1021366e+002  1.2216256e+002
  1.2371742e+002  1.1442243e+002
  1.3732224e+002  1.1424052e+002
  1.4649317e+002  1.2167749e+002
  1.5993630e+002  1.0940241e+002
  1.4300502e+002  8.6950044e+001
  1.4125083e+002  6.8830500e+001
  1.4102851e+002  5.2202390e+001
  8.5061382e+001  1.6332061e+002
  9.8544930e+001  1.5406883e+002
  1.1509219e+002  1.4779992e+002
  1.2569393e+002  1.4917008e+002
  1.3776689e+002  1.4749674e+002
  1.5294399e+002  1.5182957e+002
  1.7126565e+002  1.6519185e+002
  1.5623003e+002  1.7144055e+002
  1.4117420e+002  1.7617760e+002
  1.2912145e+002  1.7936259e+002
  1.1094127e+002  1.7658183e+002
  1.0029911e+002  1.7218837e+002
  9.7154553e+001  1.6315892e+002
  1.1073916e+002  1.6146537e+002
  1.2738748e+002  1.6275469e+002
  1.4403580e+002  1.6404401e+002
  1.5764062e+002  1.6386210e+002
  1.4403580e+002  1.6404401e+002
  1.2738748e+002  1.6275469e+002
  1.1073916e+002  1.6146537e+002
  2.1588237e+001  5.2287447e+001
  2.0420185e+001  7.8005646e+001
  2.2295637e+001  1.0519507e+002
  2.7153959e+001  1.2932078e+002
  3.3564350e+001  1.5644956e+002
  4.2957611e+001  1.8051464e+002
  5.8316611e+001  1.9845228e+002
  7.8149916e+001  2.1179435e+002
  1.0098630e+002  2.2358435e+002
  1.2676514e+002  2.2928734e+002
  1.5089084e+002  2.2442901e+002
  1.7497613e+002  2.1654740e+002
  1.9291377e+002  2.0118840e+002
  2.0778770e+002  1.8284653e+002
  2.1806605e+002  1.6003035e+002
  2.2675191e+002  1.3118781e+002
  2.3249532e+002  1.0843227e+002
  2.3666646e+002  8.1161997e+001
  2.3628244e+002  5.2440716e+001
