  1.0048753e+002  5.7776319e+001
  9.1480338e+001  4.7175688e+001
  7.9423002e+001  4.4106009e+001
  6.5824315e+001  4.8573793e+001
  5.5230195e+001  5.6072190e+001
  6.7281021e+001  6.0650663e+001
  7.7836073e+001  6.2205036e+001
  9.1421738e+001  6.0754841e+001
  1.5631294e+002  5.8017230e+001
  1.6540478e+002  4.9003528e+001
  1.7749467e+002  4.4529233e+001
  1.8955200e+002  4.7598911e+001
  2.0008101e+002  5.5188463e+001
  1.8949991e+002  5.9669270e+001
  1.7742305e+002  6.1125976e+001
  1.6686148e+002  6.1080398e+001
  1.0667247e+002  2.3100081e+001
  8.7090688e+001  1.5471463e+001
  5.6921302e+001  1.3832445e+001
  4.4811876e+001  2.2833125e+001
  3.7228835e+001  3.1853339e+001
  4.1735686e+001  3.6399257e+001
  4.9305705e+001  3.0396633e+001
  5.8371496e+001  2.7418110e+001
  8.5523293e+001  2.9044105e+001
  1.0663991e+002  3.0644056e+001
  1.4438583e+002  2.4771655e+001
  1.6705682e+002  1.5816552e+001
  1.9423466e+002  1.1407368e+001
  2.0778125e+002  1.9009943e+001
  2.1678845e+002  2.9610573e+001
  2.1375783e+002  3.2615141e+001
  2.0321580e+002  2.8043178e+001
  1.8813437e+002  2.6469272e+001
  1.6851352e+002  2.7893422e+001
  1.4887314e+002  3.3843957e+001
  1.1559501e+002  5.3315045e+001
  1.1550386e+002  7.4438173e+001
  1.0939054e+002  9.2517667e+001
  1.0027917e+002  1.0605775e+002
  1.0321863e+002  1.2417631e+002
  1.1832611e+002  1.1971504e+002
  1.3342057e+002  1.1827136e+002
  1.4999778e+002  1.2286936e+002
  1.5458928e+002  1.0780095e+002
  1.4711041e+002  9.2680445e+001
  1.3965108e+002  7.3033556e+001
  1.3822693e+002  5.3412712e+001
  9.0985492e+001  1.6184410e+002
  1.0309492e+002  1.5284342e+002
  1.1519132e+002  1.4686033e+002
  1.2573986e+002  1.4992349e+002
  1.3632096e+002  1.4544269e+002
  1.5138286e+002  1.5154298e+002
  1.6492946e+002  1.5914555e+002
  1.5432232e+002  1.6966154e+002
  1.4222592e+002  1.7564463e+002
  1.2561615e+002  1.7859060e+002
  1.1054123e+002  1.7550789e+002
  1.0000571e+002  1.6942714e+002
  9.7027183e+001  1.6036135e+002
  1.1212815e+002  1.5740887e+002
  1.2570080e+002  1.5897626e+002
  1.3928646e+002  1.5752607e+002
  1.5587018e+002  1.6061528e+002
  1.3927344e+002  1.6054366e+002
  1.2568777e+002  1.6199385e+002
  1.1211513e+002  1.6042646e+002
  2.3565037e+001  5.1409071e+001
  2.1945553e+001  7.7052073e+001
  2.1834863e+001  1.0270158e+002
  2.7759354e+001  1.2837714e+002
  3.2168538e+001  1.5555498e+002
  4.2625924e+001  1.7974128e+002
  5.9138022e+001  1.9942723e+002
  7.8674222e+001  2.1761742e+002
  1.0125406e+002  2.2978544e+002
  1.2839283e+002  2.3442903e+002
  1.5255308e+002  2.3000682e+002
  1.7674589e+002  2.1804064e+002
  1.9944943e+002  2.0154156e+002
  2.1613082e+002  1.8199885e+002
  2.2829885e+002  1.5941902e+002
  2.3445123e+002  1.3228676e+002
  2.3607722e+002  1.0513496e+002
  2.3618791e+002  7.9485448e+001
  2.3478981e+002  5.3829425e+001
