  9.7652874e+001  5.4503591e+001
  8.8478303e+001  4.5355458e+001
  7.4734071e+001  4.3848395e+001
  6.4052437e+001  4.8444493e+001
  5.4902100e+001  5.6092172e+001
  6.4065656e+001  5.7605845e+001
  7.4756103e+001  5.9117315e+001
  8.8495928e+001  5.7570594e+001
  1.5872635e+002  5.2888571e+001
  1.6635200e+002  4.6769987e+001
  1.7856273e+002  4.3698578e+001
  1.9078227e+002  4.6734736e+001
  1.9995684e+002  5.5882869e+001
  1.9232459e+002  5.7420777e+001
  1.8010945e+002  5.7438403e+001
  1.6789211e+002  5.5929136e+001
  1.0218949e+002  2.3959141e+001
  8.8438645e+001  1.7871401e+001
  5.4840411e+001  1.3339195e+001
  3.3485954e+001  2.8638960e+001
  2.5871323e+001  4.2392005e+001
  3.0454202e+001  4.3912287e+001
  3.8075443e+001  3.4739919e+001
  5.4862443e+001  2.8608116e+001
  8.0821811e+001  3.0097553e+001
  9.7622029e+001  3.3127102e+001
  1.5105664e+002  2.8469315e+001
  1.6784584e+002  2.3864404e+001
  1.9837487e+002  1.7712772e+001
  2.1976458e+002  2.6843279e+001
  2.2588537e+002  3.5995819e+001
  2.2283599e+002  3.9054009e+001
  2.1366582e+002  3.2959660e+001
  1.9839250e+002  2.9927908e+001
  1.7091285e+002  3.3021349e+001
  1.5411924e+002  3.4572477e+001
  1.1597338e+002  5.2950261e+001
  1.1600202e+002  7.2799857e+001
  1.0991868e+002  8.9604482e+001
  1.0230405e+002  1.0335753e+002
  1.0691117e+002  1.2167362e+002
  1.2217568e+002  1.1859780e+002
  1.3591771e+002  1.1857798e+002
  1.5424262e+002  1.2007843e+002
  1.5574307e+002  1.0175352e+002
  1.4808878e+002  8.8022510e+001
  1.4348607e+002  7.2760200e+001
  1.4193054e+002  5.2912806e+001
  8.7116650e+001  1.5987456e+002
  1.0237455e+002  1.5221807e+002
  1.1763026e+002  1.4303469e+002
  1.2832511e+002  1.4759994e+002
  1.4053364e+002  1.4300164e+002
  1.5733826e+002  1.4908497e+002
  1.7109351e+002  1.5822650e+002
  1.5736470e+002  1.6740768e+002
  1.4210239e+002  1.7201039e+002
  1.2683567e+002  1.7355931e+002
  1.1461833e+002  1.7205004e+002
  1.0239879e+002  1.6901388e+002
  9.7804894e+001  1.5985914e+002
  1.1459630e+002  1.5678112e+002
  1.2834053e+002  1.5828819e+002
  1.4208036e+002  1.5674147e+002
  1.5429770e+002  1.5825073e+002
  1.4208697e+002  1.6132214e+002
  1.2834714e+002  1.6286886e+002
  1.1460291e+002  1.6136180e+002
  2.2830758e+001  5.1557763e+001
  2.2868212e+001  7.7514928e+001
  2.4432558e+001  1.0346989e+002
  2.9048486e+001  1.2789355e+002
  3.5193508e+001  1.5384190e+002
  4.2863219e+001  1.7826116e+002
  5.8165187e+001  2.0114251e+002
  7.6514330e+001  2.1943877e+002
  9.9435336e+001  2.3162086e+002
  1.2692600e+002  2.3616188e+002
  1.5134746e+002  2.3001906e+002
  1.7423322e+002  2.1777088e+002
  1.9406078e+002  2.0247332e+002
  2.0929886e+002  1.8107480e+002
  2.1842276e+002  1.5510441e+002
  2.2297038e+002  1.3219442e+002
  2.2598671e+002  1.0623285e+002
  2.2747615e+002  8.0273485e+001
  2.2743870e+002  5.4316320e+001
