  1.0025024e+002  5.5173582e+001
  8.9698562e+001  4.6064950e+001
  7.6096548e+001  4.4505340e+001
  6.5502485e+001  4.7492097e+001
  5.7916374e+001  5.5025223e+001
  6.6977319e+001  5.8080861e+001
  7.7560784e+001  5.8117951e+001
  8.8144250e+001  5.8155041e+001
  1.5770334e+002  5.5374927e+001
  1.6528945e+002  4.7841801e+001
  1.7739543e+002  4.4860342e+001
  1.8948553e+002  4.6414654e+001
  1.9853057e+002  5.4006064e+001
  1.8944314e+002  5.8510044e+001
  1.7885437e+002  5.9984877e+001
  1.6676428e+002  5.8430565e+001
  1.0186813e+002  2.4940407e+001
  8.5258165e+001  1.8834428e+001
  6.2584608e+001  1.7243027e+001
  4.8956101e+001  2.3243034e+001
  3.9863365e+001  2.9258938e+001
  4.1348796e+001  3.6823855e+001
  5.3465379e+001  3.0818548e+001
  6.4059442e+001  2.7831791e+001
  8.3714450e+001  2.7900672e+001
  1.0032971e+002  3.2494727e+001
  1.4873247e+002  2.6616586e+001
  1.6840337e+002  2.2149696e+001
  1.8807957e+002  1.6170882e+001
  2.0468954e+002  2.2276861e+001
  2.1373989e+002  2.8356347e+001
  2.1069484e+002  3.4393444e+001
  2.0164450e+002  2.8313958e+001
  1.8955970e+002  2.5247723e+001
  1.6988880e+002  2.9714613e+001
  1.5324704e+002  3.2680176e+001
  1.1538537e+002  5.0690796e+001
  1.1379927e+002  7.1852429e+001
  1.1071184e+002  8.9984916e+001
  9.5534315e+001  1.0656309e+002
  1.0001710e+002  1.2169822e+002
  1.1816019e+002  1.2176181e+002
  1.3327942e+002  1.2181479e+002
  1.5142251e+002  1.2187837e+002
  1.5903511e+002  1.0678563e+002
  1.4397416e+002  9.0101484e+001
  1.3950727e+002  7.0430581e+001
  1.3806422e+002  5.0770275e+001
  8.4765400e+001  1.5944333e+002
  9.9911130e+001  1.5193670e+002
  1.1353964e+002  1.4593669e+002
  1.2713635e+002  1.4900822e+002
  1.4074896e+002  1.4754399e+002
  1.5433508e+002  1.5363937e+002
  1.6792120e+002  1.5973475e+002
  1.5427680e+002  1.7027053e+002
  1.4216022e+002  1.7627584e+002
  1.2704098e+002  1.7622285e+002
  1.1192174e+002  1.7616986e+002
  9.9852846e+001  1.6856786e+002
  9.5348866e+001  1.5948042e+002
  1.1199062e+002  1.5651486e+002
  1.2710986e+002  1.5656784e+002
  1.4222910e+002  1.5662083e+002
  1.5582581e+002  1.5969236e+002
  1.4373042e+002  1.5964997e+002
  1.2709926e+002  1.5959169e+002
  1.1198533e+002  1.5802678e+002
  2.7693796e+001  5.0383481e+001
  2.6091797e+001  7.6080885e+001
  2.7503048e+001  1.0481273e+002
  2.8924897e+001  1.3052073e+002
  3.1853370e+001  1.5774596e+002
  3.9328212e+001  1.8196323e+002
  5.4378567e+001  2.0167122e+002
  7.3969993e+001  2.1988319e+002
  9.9625008e+001  2.3358058e+002
  1.2833036e+002  2.3972894e+002
  1.5556618e+002  2.3377662e+002
  1.8131127e+002  2.2177131e+002
  2.0253649e+002  2.0521433e+002
  2.1772991e+002  1.8410038e+002
  2.2689152e+002  1.5842947e+002
  2.3001074e+002  1.3122544e+002
  2.3010612e+002  1.0401081e+002
  2.3473197e+002  7.8324008e+001
  2.3331012e+002  5.2616007e+001
