  9.6739845e+001  5.6066228e+001
  8.7693211e+001  4.9913316e+001
  7.5598234e+001  4.5249435e+001
  6.4950118e+001  4.8185326e+001
  5.4259833e+001  5.5672647e+001
  6.3334580e+001  5.8791272e+001
  7.5457670e+001  6.0420867e+001
  8.7608872e+001  5.9016176e+001
  1.5742558e+002  5.6628486e+001
  1.6658466e+002  5.0644251e+001
  1.7876398e+002  4.6205273e+001
  1.9087301e+002  4.9352011e+001
  2.0293987e+002  5.7050179e+001
  1.9229176e+002  5.9986070e+001
  1.8014055e+002  6.1390762e+001
  1.6800341e+002  6.1278311e+001
  1.0009743e+002  2.1200046e+001
  7.8927706e+001  1.3417539e+001
  5.7701757e+001  1.1703606e+001
  4.3949072e+001  2.2197101e+001
  3.4747818e+001  3.2732765e+001
  3.9243022e+001  3.8843507e+001
  4.8416163e+001  3.1342129e+001
  5.9092392e+001  2.5371951e+001
  7.5780968e+001  2.5526572e+001
  9.9999034e+001  3.1820049e+001
  1.5315527e+002  2.6243451e+001
  1.7143128e+002  1.8826412e+001
  1.9271345e+002  1.4471773e+001
  2.1083483e+002  2.3743310e+001
  2.1836432e+002  2.9882165e+001
  2.1530192e+002  3.2888338e+001
  2.0774432e+002  2.9783770e+001
  1.9106980e+002  2.8112006e+001
  1.7435311e+002  3.0991671e+001
  1.5762237e+002  3.5388480e+001
  1.1497368e+002  5.3200619e+001
  1.1479094e+002  7.2923481e+001
  1.0855369e+002  9.1072974e+001
  1.0082741e+002  1.0617413e+002
  1.0525233e+002  1.1987058e+002
  1.2198308e+002  1.1547377e+002
  1.3260308e+002  1.1557217e+002
  1.4924949e+002  1.2027822e+002
  1.5241028e+002  1.0665204e+002
  1.4346204e+002  8.9879129e+001
  1.3905118e+002  7.4665527e+001
  1.3773083e+002  5.3411465e+001
  8.5164003e+001  1.5913357e+002
  9.7357375e+001  1.5317745e+002
  1.1106789e+002  1.4723539e+002
  1.2622527e+002  1.4889309e+002
  1.4141076e+002  1.4751652e+002
  1.5652596e+002  1.5372565e+002
  1.7010997e+002  1.6143788e+002
  1.5486826e+002  1.6888303e+002
  1.4268894e+002  1.7332201e+002
  1.2750345e+002  1.7469859e+002
  1.1386322e+002  1.7305494e+002
  9.8733954e+001  1.6836294e+002
  9.7301149e+001  1.5924603e+002
  1.1098355e+002  1.5633825e+002
  1.2767213e+002  1.5649287e+002
  1.4587785e+002  1.5666154e+002
  1.6102117e+002  1.5983640e+002
  1.4583568e+002  1.6121298e+002
  1.2762996e+002  1.6104430e+002
  1.1094138e+002  1.6088968e+002
  2.3959138e+001  5.0840089e+001
  2.0643722e+001  8.1154841e+001
  2.4956192e+001  1.0698845e+002
  3.0785806e+001  1.3283611e+002
  3.6629476e+001  1.5716663e+002
  4.5521488e+001  1.8000811e+002
  5.8993044e+001  1.9985748e+002
  7.8547229e+001  2.1824594e+002
  1.0120598e+002  2.2907679e+002
  1.2847239e+002  2.3388123e+002
  1.5430600e+002  2.2956876e+002
  1.7717560e+002  2.1764246e+002
  1.9552188e+002  2.0263971e+002
  2.0937296e+002  1.8152621e+002
  2.2021787e+002  1.5735031e+002
  2.2652540e+002  1.3161510e+002
  2.3283293e+002  1.0587989e+002
  2.3609212e+002  8.1633713e+001
  2.3481394e+002  5.5828221e+001
