  9.7632714e+001  5.6855328e+001
  8.8708168e+001  4.6180843e+001
  7.5163841e+001  4.2995983e+001
  6.1526861e+001  4.7356338e+001
  5.3888993e+001  5.4808901e+001
  6.2887660e+001  5.9447214e+001
  7.6450518e+001  6.1123031e+001
  8.8541394e+001  5.9762232e+001
  1.5952201e+002  5.6106035e+001
  1.6714135e+002  5.0162515e+001
  1.7928782e+002  4.4274586e+001
  1.9134163e+002  4.5931873e+001
  2.0028471e+002  5.5097315e+001
  1.9266537e+002  6.1040835e+001
  1.8206501e+002  6.3929208e+001
  1.7001119e+002  6.2271921e+001
  1.0254898e+002  2.5221014e+001
  7.7024963e+001  1.4342693e+001
  5.4426377e+001  1.1046650e+001
  3.9243293e+001  1.8406561e+001
  3.3021815e+001  3.3422870e+001
  4.0529970e+001  3.6533609e+001
  4.5186813e+001  2.6025899e+001
  5.5805706e+001  2.1628482e+001
  7.3895694e+001  2.3359891e+001
  1.0094729e+002  3.2747699e+001
  1.5383792e+002  2.7360093e+001
  1.7205762e+002  1.8528200e+001
  1.9631349e+002  9.7704290e+000
  2.1134833e+002  1.4482863e+001
  2.1865265e+002  3.4193076e+001
  2.1408846e+002  3.7155571e+001
  2.0972811e+002  2.3518591e+001
  1.9312863e+002  2.3314756e+001
  1.7343695e+002  2.9110032e+001
  1.5827240e+002  3.4960900e+001
  1.1579682e+002  5.2550565e+001
  1.1702791e+002  7.5204743e+001
  1.1076937e+002  9.3239139e+001
  1.0154834e+002  1.0670934e+002
  1.0438112e+002  1.2183684e+002
  1.2096206e+002  1.2354972e+002
  1.3907058e+002  1.2377208e+002
  1.5116146e+002  1.2241128e+002
  1.5585536e+002  1.0888549e+002
  1.4545883e+002  9.5174383e+001
  1.3966356e+002  7.5482700e+001
  1.3994151e+002  5.2847052e+001
  9.3336024e+001  1.6094225e+002
  1.0850058e+002  1.5509138e+002
  1.1761043e+002  1.5067543e+002
  1.2664616e+002  1.5229566e+002
  1.3722799e+002  1.5091633e+002
  1.5075379e+002  1.5561023e+002
  1.6126150e+002  1.6026707e+002
  1.5056848e+002  1.7070066e+002
  1.3993106e+002  1.7660712e+002
  1.2782165e+002  1.7947696e+002
  1.1427732e+002  1.7629210e+002
  1.0380667e+002  1.6861717e+002
  1.0237175e+002  1.6256247e+002
  1.1746218e+002  1.6274778e+002
  1.2804402e+002  1.6136845e+002
  1.4464349e+002  1.6157228e+002
  1.5369775e+002  1.6168347e+002
  1.4464349e+002  1.6157228e+002
  1.2804402e+002  1.6136845e+002
  1.1746218e+002  1.6274778e+002
  2.2254678e+001  4.9892632e+001
  2.3448703e+001  7.5564896e+001
  2.6151771e+001  1.0125569e+002
  3.1872925e+001  1.2698355e+002
  3.7612610e+001  1.5120236e+002
  4.7879425e+001  1.7547676e+002
  6.4200942e+001  1.9831625e+002
  8.3614668e+001  2.1515662e+002
  1.0304692e+002  2.3048794e+002
  1.3013558e+002  2.3685767e+002
  1.5284535e+002  2.3109945e+002
  1.7415726e+002  2.1626845e+002
  1.8947006e+002  1.9834523e+002
  2.0329234e+002  1.7889444e+002
  2.1415213e+002  1.5487947e+002
  2.2052185e+002  1.2779081e+002
  2.2383642e+002  1.0368318e+002
  2.2715100e+002  7.9575554e+001
  2.2744749e+002  5.5430863e+001
