  1.0055275e+002  5.7961666e+001
  9.1195056e+001  4.9263140e+001
  7.8992781e+001  4.5188532e+001
  6.5560475e+001  4.8692281e+001
  5.6807018e+001  5.6545294e+001
  6.7504608e+001  6.0674833e+001
  7.9597021e+001  6.1740070e+001
  8.8625133e+001  6.1410484e+001
  1.5472143e+002  5.5984150e+001
  1.6341995e+002  4.6626452e+001
  1.7685226e+002  4.3122702e+001
  1.9050429e+002  4.5637694e+001
  2.0131174e+002  5.2776604e+001
  1.9094374e+002  5.7675177e+001
  1.7745650e+002  5.9674241e+001
  1.6536408e+002  5.8609004e+001
  9.7894518e+001  2.6418205e+001
  8.2682872e+001  2.2453459e+001
  5.9892868e+001  1.7258682e+001
  4.8075109e+001  2.3716872e+001
  4.2276092e+001  2.9955337e+001
  4.6954941e+001  3.4304600e+001
  5.1359135e+001  3.1130436e+001
  6.0277385e+001  2.7791480e+001
  7.9948156e+001  3.0086747e+001
  9.6664487e+001  3.3996562e+001
  1.5050357e+002  2.2990935e+001
  1.6683539e+002  1.6367953e+001
  1.9681923e+002  1.2259962e+001
  2.0907644e+002  1.7839255e+001
  2.2010361e+002  3.0996906e+001
  2.1569942e+002  3.4171070e+001
  2.0483704e+002  2.5527475e+001
  1.9263476e+002  2.1452867e+001
  1.6872459e+002  2.6845819e+001
  1.5378760e+002  3.0404499e+001
  1.1097569e+002  5.4567778e+001
  1.1174472e+002  7.5633372e+001
  1.0192603e+002  9.5578799e+001
  9.4896981e+001  1.0939562e+002
  1.0141010e+002  1.2271807e+002
  1.1484241e+002  1.1921432e+002
  1.2988926e+002  1.1866501e+002
  1.4805535e+002  1.2101520e+002
  1.5057034e+002  1.0736318e+002
  1.4260746e+002  9.5600347e+001
  1.3431500e+002  7.4809408e+001
  1.3354597e+002  5.3743813e+001
  8.7846385e+001  1.6389388e+002
  9.9554281e+001  1.5442632e+002
  1.1293166e+002  1.4941788e+002
  1.2351939e+002  1.5053805e+002
  1.3399725e+002  1.4864885e+002
  1.4625446e+002  1.5422814e+002
  1.6308065e+002  1.6114733e+002
  1.4830845e+002  1.6922007e+002
  1.3788552e+002  1.7261395e+002
  1.2740765e+002  1.7450316e+002
  1.1230587e+002  1.7354778e+002
  1.0004866e+002  1.6796849e+002
  1.0133362e+002  1.6189481e+002
  1.1181149e+002  1.6000561e+002
  1.2535366e+002  1.5951123e+002
  1.3739114e+002  1.5907179e+002
  1.4797887e+002  1.6019195e+002
  1.3739114e+002  1.5907179e+002
  1.2540859e+002  1.6101592e+002
  1.1181149e+002  1.6000561e+002
  3.1007643e+001  5.1460379e+001
  2.5867798e+001  7.5755068e+001
  2.9810995e+001  1.0122486e+002
  3.5258878e+001  1.2663971e+002
  4.2156515e+001  1.5049496e+002
  5.0613769e+001  1.7579995e+002
  6.4924970e+001  1.9637117e+002
  8.0740858e+001  2.1688745e+002
  1.0090601e+002  2.3272489e+002
  1.2676031e+002  2.3931449e+002
  1.5223010e+002  2.3537129e+002
  1.7731537e+002  2.2089529e+002
  1.9922648e+002  2.0201511e+002
  2.1662353e+002  1.8329971e+002
  2.2923187e+002  1.5722568e+002
  2.3587641e+002  1.3287606e+002
  2.4085146e+002  1.0406731e+002
  2.4281714e+002  7.5368432e+001
  2.4037863e+002  4.9843713e+001
