  9.9138779e+001  5.6713200e+001
  8.9957701e+001  4.7710271e+001
  7.6275158e+001  4.3297881e+001
  6.4182178e+001  4.6447315e+001
  5.3649069e+001  5.4127905e+001
  6.2785610e+001  5.8584832e+001
  7.4923127e+001  5.9981400e+001
  8.8561133e+001  5.9847789e+001
  1.5975214e+002  5.6119370e+001
  1.6725458e+002  4.8468472e+001
  1.8083320e+002  4.2273524e+001
  1.9297072e+002  4.3670092e+001
  2.0215180e+002  5.2673022e+001
  1.9461966e+002  5.7293252e+001
  1.8099650e+002  5.8942198e+001
  1.6887383e+002  5.9060964e+001
  1.0491805e+002  2.7862472e+001
  8.3643987e+001  2.2008977e+001
  5.4837796e+001  2.0775712e+001
  4.2774508e+001  2.6955814e+001
  3.3741887e+001  3.3106224e+001
  3.6817092e+001  3.7622535e+001
  4.4364070e+001  3.4517638e+001
  5.4941717e+001  3.1383050e+001
  8.2247419e+001  3.4146494e+001
  1.0196161e+002  3.5468834e+001
  1.5642456e+002  2.5842383e+001
  1.7607936e+002  2.1103386e+001
  2.0179550e+002  1.6305007e+001
  2.1096173e+002  2.3792602e+001
  2.1555227e+002  2.8294066e+001
  2.1408147e+002  3.2854914e+001
  2.0647511e+002  2.9898475e+001
  1.9736826e+002  2.8472215e+001
  1.7769861e+002  3.1695878e+001
  1.5804381e+002  3.6434875e+001
  1.1727825e+002  5.1989050e+001
  1.1750094e+002  7.4719059e+001
  1.1314793e+002  9.4462938e+001
  1.0265936e+002  1.0668953e+002
  1.0736866e+002  1.2331367e+002
  1.2255169e+002  1.2619588e+002
  1.3922037e+002  1.2603257e+002
  1.5737468e+002  1.2282376e+002
  1.5875641e+002  1.0917091e+002
  1.4648528e+002  9.4136331e+001
  1.4174628e+002  7.4481527e+001
  1.4000826e+002  5.1766363e+001
  8.4950413e+001  1.5535836e+002
  1.0007406e+002  1.5217924e+002
  1.1669820e+002  1.4746993e+002
  1.2883571e+002  1.4886650e+002
  1.4245888e+002  1.4721756e+002
  1.5614142e+002  1.5162995e+002
  1.6832347e+002  1.5757252e+002
  1.5475970e+002  1.6528280e+002
  1.4418205e+002  1.6841739e+002
  1.2904356e+002  1.7008118e+002
  1.1387537e+002  1.6871430e+002
  9.8677493e+001  1.6431676e+002
  9.7102776e+001  1.5827027e+002
  1.1528678e+002  1.5809212e+002
  1.2892479e+002  1.5795851e+002
  1.4407813e+002  1.5781005e+002
  1.5924632e+002  1.5917693e+002
  1.4412267e+002  1.6235605e+002
  1.2896933e+002  1.6250451e+002
  1.1531648e+002  1.6112279e+002
  1.8781542e+001  5.2954023e+001
  1.5988406e+001  7.7229058e+001
  1.7770964e+001  1.0449022e+002
  2.1054009e+001  1.3022121e+002
  2.7367723e+001  1.5592250e+002
  3.5196770e+001  1.8160895e+002
  5.0557950e+001  2.0267517e+002
  7.1950775e+001  2.2065134e+002
  9.9301015e+001  2.2796078e+002
  1.2659187e+002  2.2920889e+002
  1.5082237e+002  2.2745603e+002
  1.7496379e+002  2.1661116e+002
  1.9449983e+002  1.9974949e+002
  2.1097551e+002  1.7988684e+002
  2.1829980e+002  1.5405194e+002
  2.2259343e+002  1.2824673e+002
  2.2688705e+002  1.0244151e+002
  2.2815001e+002  7.6665987e+001
  2.2488181e+002  5.2450335e+001
