  9.5428023e+001  5.8684610e+001
  8.4779133e+001  4.9719804e+001
  7.1150912e+001  4.5311147e+001
  5.9099510e+001  4.8437968e+001
  5.0107888e+001  5.6067305e+001
  5.9220185e+001  6.2025964e+001
  7.1325220e+001  6.4938252e+001
  8.4899807e+001  6.3307800e+001
  1.5732889e+002  5.8134869e+001
  1.6781688e+002  4.8982347e+001
  1.8136466e+002  4.4332340e+001
  1.9345628e+002  4.5734851e+001
  2.0258199e+002  5.3203288e+001
  1.9359036e+002  6.0832624e+001
  1.8304874e+002  6.3946037e+001
  1.6792415e+002  6.1060565e+001
  8.9107340e+001  2.7032920e+001
  7.8485265e+001  2.1087669e+001
  6.1837490e+001  1.6705829e+001
  4.2250610e+001  2.1409469e+001
  3.0279658e+001  3.3594953e+001
  3.3326030e+001  3.6587691e+001
  4.8356761e+001  2.8904722e+001
  6.1931348e+001  2.7274270e+001
  7.5546161e+001  3.0173149e+001
  8.9187790e+001  3.6091584e+001
  1.5556436e+002  2.9462509e+001
  1.7660738e+002  1.8706351e+001
  1.9922722e+002  1.5485672e+001
  2.1738478e+002  1.9854104e+001
  2.2199456e+002  2.8872543e+001
  2.1900182e+002  3.1918914e+001
  2.1292249e+002  2.7443215e+001
  1.9930767e+002  2.4544336e+001
  1.7970739e+002  2.7738198e+001
  1.5866436e+002  3.8494356e+001
  1.1350513e+002  5.3994378e+001
  1.1371966e+002  7.8150815e+001
  1.0933782e+002  9.4798590e+001
  1.0038642e+002  1.0695726e+002
  1.0204369e+002  1.2355140e+002
  1.1867806e+002  1.2642346e+002
  1.3528561e+002  1.2627597e+002
  1.5338953e+002  1.2460530e+002
  1.5627500e+002  1.0948071e+002
  1.4557247e+002  9.4476791e+001
  1.4089565e+002  7.7909465e+001
  1.4068112e+002  5.3753029e+001
  8.8764086e+001  1.5839695e+002
  9.9292302e+001  1.5377376e+002
  1.1434985e+002  1.4911035e+002
  1.2646829e+002  1.5353241e+002
  1.3699651e+002  1.4890922e+002
  1.5213451e+002  1.5330447e+002
  1.6578955e+002  1.6073268e+002
  1.5379178e+002  1.6989861e+002
  1.4175378e+002  1.7453521e+002
  1.2817919e+002  1.7616566e+002
  1.1306801e+002  1.7478997e+002
  9.9412977e+001  1.6736176e+002
  9.7836158e+001  1.5982628e+002
  1.1141075e+002  1.5819583e+002
  1.2653534e+002  1.6108130e+002
  1.4010992e+002  1.5945085e+002
  1.5520770e+002  1.5931676e+002
  1.4012333e+002  1.6096062e+002
  1.2656215e+002  1.6410085e+002
  1.1143756e+002  1.6121538e+002
  1.9885525e+001  5.3315916e+001
  2.0100058e+001  7.7472353e+001
  2.6353701e+001  1.0157516e+002
  3.4103712e+001  1.2415478e+002
  4.0370762e+001  1.4976736e+002
  4.8120774e+001  1.7234697e+002
  6.1896486e+001  1.9336318e+002
  8.0174713e+001  2.1131961e+002
  1.0141886e+002  2.2321011e+002
  1.2711189e+002  2.2600172e+002
  1.5122810e+002  2.2125786e+002
  1.7378091e+002  2.1048829e+002
  1.9630689e+002  1.9669917e+002
  2.1123036e+002  1.7693798e+002
  2.2007449e+002  1.5270110e+002
  2.2739543e+002  1.2696784e+002
  2.3322001e+002  1.0275777e+002
  2.3904458e+002  7.8547702e+001
  2.3883005e+002  5.4391265e+001
