  9.8195057e+001  5.8261585e+001
  8.7641668e+001  4.9198117e+001
  7.4066150e+001  4.4658362e+001
  6.0481883e+001  4.9171869e+001
  5.2931666e+001  5.5200086e+001
  6.0473134e+001  5.8225131e+001
  7.2541233e+001  6.1254550e+001
  8.6122584e+001  5.9758797e+001
  1.6006047e+002  5.6812494e+001
  1.6761069e+002  5.0784277e+001
  1.7817720e+002  4.6267854e+001
  1.9175418e+002  4.9298731e+001
  2.0080014e+002  5.6851865e+001
  1.9023509e+002  5.9859411e+001
  1.7967149e+002  6.1358081e+001
  1.6760194e+002  5.9837539e+001
  1.0727602e+002  2.9601673e+001
  8.1630949e+001  2.3541376e+001
  5.5984416e+001  1.8989957e+001
  4.3906110e+001  2.6522676e+001
  3.3333764e+001  3.7074607e+001
  3.7857479e+001  4.0096735e+001
  4.6918031e+001  3.2561100e+001
  5.8990505e+001  3.1063888e+001
  8.0113323e+001  3.2593180e+001
  1.0575840e+002  3.8653476e+001
  1.4952312e+002  3.1151379e+001
  1.7367244e+002  2.3630326e+001
  2.0083806e+002  1.7621065e+001
  2.1441066e+002  2.5178573e+001
  2.2496405e+002  3.4242042e+001
  2.2043304e+002  3.8764298e+001
  2.0987528e+002  3.4227460e+001
  1.9629684e+002  3.2705460e+001
  1.7517111e+002  3.4193922e+001
  1.5404100e+002  4.0209015e+001
  1.1177787e+002  5.5256955e+001
  1.1025149e+002  7.3362020e+001
  1.0269107e+002  8.9952375e+001
  9.5133558e+001  1.0352498e+002
  1.0266190e+002  1.2012991e+002
  1.1775505e+002  1.1561786e+002
  1.3435269e+002  1.1563390e+002
  1.5094742e+002  1.1866770e+002
  1.5850639e+002  1.0358622e+002
  1.4796029e+002  8.6978367e+001
  1.3892015e+002  7.3389725e+001
  1.3742877e+002  5.5281744e+001
  8.4526216e+001  1.5028995e+002
  9.6601606e+001  1.4577499e+002
  1.1320508e+002  1.3975552e+002
  1.2678060e+002  1.4429528e+002
  1.4036487e+002  1.3978177e+002
  1.5846556e+002  1.4583477e+002
  1.7354995e+002  1.5037599e+002
  1.5844952e+002  1.6243242e+002
  1.4184750e+002  1.6694301e+002
  1.2675727e+002  1.6843731e+002
  1.1166850e+002  1.6842272e+002
  9.6584107e+001  1.6388151e+002
  9.6594315e+001  1.5331937e+002
  1.1017567e+002  1.5182362e+002
  1.2677331e+002  1.5183966e+002
  1.4337096e+002  1.5185570e+002
  1.5996714e+002  1.5338062e+002
  1.4336804e+002  1.5487345e+002
  1.2677039e+002  1.5485741e+002
  1.1017275e+002  1.5484137e+002
  1.8230414e+001  5.2148794e+001
  1.6696748e+001  7.7798243e+001
  1.8179377e+001  1.0495949e+002
  2.4188637e+001  1.3212510e+002
  3.3217110e+001  1.5778476e+002
  4.3755917e+001  1.8193700e+002
  5.8822814e+001  2.0458473e+002
  7.8419257e+001  2.2421909e+002
  1.0254816e+002  2.3782231e+002
  1.2970357e+002  2.4237519e+002
  1.5385289e+002  2.3485414e+002
  1.7800805e+002  2.2129757e+002
  1.9914982e+002  2.0321147e+002
  2.1425901e+002  1.8210177e+002
  2.2484302e+002  1.5947883e+002
  2.3090477e+002  1.3232487e+002
  2.3545619e+002  1.0667834e+002
  2.3699132e+002  7.9520015e+001
  2.3248802e+002  5.5373610e+001
