  9.8669440e+001  5.9456661e+001
  8.8102981e+001  4.9002541e+001
  7.6075173e+001  4.6063796e+001
  6.2577992e+001  4.9138954e+001
  5.5110764e+001  5.6686424e+001
  6.4151680e+001  6.2644158e+001
  7.6163440e+001  6.2579964e+001
  8.9668644e+001  6.1006276e+001
  1.5722677e+002  5.9143715e+001
  1.6617942e+002  4.8585280e+001
  1.7816710e+002  4.4016677e+001
  1.9168836e+002  4.5445928e+001
  2.0224679e+002  5.4398578e+001
  1.9326204e+002  5.8951133e+001
  1.8276780e+002  6.2010243e+001
  1.6923853e+002  5.9079521e+001
  1.0448274e+002  2.3389286e+001
  8.7934471e+001  1.7471673e+001
  6.5404399e+001  1.6090567e+001
  4.8912302e+001  2.0683244e+001
  3.9959653e+001  3.1241678e+001
  4.2986665e+001  3.5730040e+001
  5.3448809e+001  2.6665051e+001
  6.6954014e+001  2.5091362e+001
  8.4979677e+001  2.6496541e+001
  1.0001845e+002  3.0920709e+001
  1.4951881e+002  2.1647089e+001
  1.6899780e+002  1.4035424e+001
  1.9300527e+002  1.0904096e+001
  2.0805206e+002  1.6829733e+001
  2.1710903e+002  2.5790407e+001
  2.1563966e+002  3.1804311e+001
  2.0508925e+002  2.4353132e+001
  1.9306144e+002  2.1414386e+001
  1.7204888e+002  2.3028195e+001
  1.5106040e+002  2.9146414e+001
  1.1215860e+002  5.4880033e+001
  1.1227093e+002  7.5900612e+001
  1.0335841e+002  9.3966396e+001
  9.5923276e+001  1.0751975e+002
  1.0352692e+002  1.2549726e+002
  1.1851754e+002  1.2091261e+002
  1.3052930e+002  1.2084842e+002
  1.4556807e+002  1.2527259e+002
  1.5298716e+002  1.0871630e+002
  1.4389007e+002  9.2248271e+001
  1.3629445e+002  7.5772224e+001
  1.3618211e+002  5.4751645e+001
  8.4208414e+001  1.6313833e+002
  9.7689546e+001  1.5706023e+002
  1.1414955e+002  1.4646167e+002
  1.2617735e+002  1.4940042e+002
  1.3667159e+002  1.4634131e+002
  1.5021692e+002  1.5227497e+002
  1.6677321e+002  1.5969405e+002
  1.5481762e+002  1.7026854e+002
  1.3832552e+002  1.7486121e+002
  1.2482032e+002  1.7643490e+002
  1.0979760e+002  1.7501367e+002
  9.7761764e+001  1.7057346e+002
  9.6220173e+001  1.6307413e+002
  1.0971735e+002  1.5999898e+002
  1.2622550e+002  1.5840924e+002
  1.4274167e+002  1.5832097e+002
  1.5627095e+002  1.6125169e+002
  1.4275772e+002  1.6132391e+002
  1.2624155e+002  1.6141218e+002
  1.0973340e+002  1.6300192e+002
  2.8068257e+001  5.3827921e+001
  2.5201730e+001  7.9368958e+001
  2.6839612e+001  1.0488592e+002
  3.1480434e+001  1.3038684e+002
  3.7622726e+001  1.5587973e+002
  4.6759933e+001  1.7985510e+002
  6.0377477e+001  1.9930199e+002
  7.9984853e+001  2.1571385e+002
  1.0257912e+002  2.2910671e+002
  1.2812818e+002  2.3347471e+002
  1.5213565e+002  2.3034338e+002
  1.7609498e+002  2.1820323e+002
  1.9852876e+002  2.0156670e+002
  2.1343112e+002  1.8046588e+002
  2.2531449e+002  1.5637817e+002
  2.2969051e+002  1.3233058e+002
  2.3255704e+002  1.0678954e+002
  2.3540752e+002  7.8245563e+001
  2.3076669e+002  5.2744647e+001
