  9.9511077e+001  5.7784172e+001
  9.1740912e+001  4.8907840e+001
  8.1060916e+001  4.4634871e+001
  6.9054492e+001  4.7948515e+001
  6.0141450e+001  5.4208700e+001
  6.9311465e+001  5.8518380e+001
  7.9918040e+001  5.9771388e+001
  9.0487904e+001  5.9514415e+001
  1.5383367e+002  5.4952618e+001
  1.6421998e+002  4.7145742e+001
  1.7618970e+002  4.2322117e+001
  1.8683298e+002  4.5085106e+001
  1.9762311e+002  5.3888017e+001
  1.8859993e+002  5.5618260e+001
  1.7655680e+002  5.7421924e+001
  1.6444024e+002  5.6205626e+001
  1.0614322e+002  1.9851105e+001
  8.6256500e+001  9.7584750e+000
  6.5153482e+001  1.1782401e+001
  5.1710498e+001  1.8152717e+001
  4.1434317e+001  3.0489535e+001
  4.7584370e+001  3.4872635e+001
  5.3440741e+001  2.7175890e+001
  6.5447165e+001  2.3862246e+001
  8.6660314e+001  2.6368262e+001
  1.0036027e+002  3.0567811e+001
  1.4551285e+002  2.3426577e+001
  1.6341235e+002  1.3926169e+001
  1.9361197e+002  1.3191961e+001
  2.0587536e+002  2.0448181e+001
  2.1364553e+002  2.9324513e+001
  2.0918901e+002  3.2454605e+001
  2.0001899e+002  2.8144926e+001
  1.9084898e+002  2.3835246e+001
  1.6521602e+002  2.5969303e+001
  1.4875307e+002  3.2413040e+001
  1.1446404e+002  5.1377146e+001
  1.1354143e+002  7.5573546e+001
  1.0643205e+002  9.3876866e+001
  9.6265999e+001  1.1074362e+002
  1.0116304e+002  1.2573330e+002
  1.1766270e+002  1.2079954e+002
  1.3125252e+002  1.2046915e+002
  1.5095569e+002  1.2301188e+002
  1.5364526e+002  1.0934863e+002
  1.4569154e+002  9.2922396e+001
  1.3770112e+002  7.4986180e+001
  1.3715046e+002  5.2336471e+001
  8.2414345e+001  1.6245007e+002
  9.7330599e+001  1.5453306e+002
  1.1084700e+002  1.5118271e+002
  1.2447354e+002  1.5236230e+002
  1.3802666e+002  1.5052192e+002
  1.5625655e+002  1.5461134e+002
  1.7444974e+002  1.5719078e+002
  1.5662366e+002  1.6971114e+002
  1.4016071e+002  1.7615488e+002
  1.2660760e+002  1.7799526e+002
  1.1301777e+002  1.7832565e+002
  1.0082780e+002  1.7408939e+002
  9.3020920e+001  1.6370308e+002
  1.0808402e+002  1.6182599e+002
  1.2620378e+002  1.6138547e+002
  1.4281357e+002  1.6098165e+002
  1.5795009e+002  1.6212453e+002
  1.4288699e+002  1.6400162e+002
  1.2631391e+002  1.6591541e+002
  1.0815744e+002  1.6484596e+002
  2.8431857e+001  5.4979618e+001
  2.5999262e+001  7.9212729e+001
  2.6623338e+001  1.0488240e+002
  3.0267376e+001  1.3047865e+002
  3.6894664e+001  1.5449150e+002
  4.8015184e+001  1.7688423e+002
  6.3628936e+001  1.9765686e+002
  8.0679247e+001  2.1537281e+002
  1.0063939e+002  2.2848540e+002
  1.2649261e+002  2.3541123e+002
  1.5061559e+002  2.3331388e+002
  1.7451831e+002  2.2215665e+002
  1.9676420e+002  2.0499621e+002
  2.1437003e+002  1.8341596e+002
  2.2740920e+002  1.6043585e+002
  2.3267820e+002  1.2857942e+002
  2.3356410e+002  1.0287304e+002
  2.3290332e+002  7.5693388e+001
  2.3076926e+002  5.0060428e+001
