  1.0103441e+002  5.1779263e+001
  9.0525522e+001  4.4044329e+001
  7.5401616e+001  4.0794673e+001
  6.0147975e+001  4.6645307e+001
  5.2477909e+001  5.2604055e+001
  6.3073292e+001  5.4272128e+001
  7.9757158e+001  5.4509976e+001
  9.1890879e+001  5.4682957e+001
  1.5561453e+002  5.4074391e+001
  1.6482294e+002  4.6620551e+001
  1.7851662e+002  4.3781724e+001
  1.9366215e+002  4.5514665e+001
  2.0267595e+002  5.1711261e+001
  1.9353241e+002  5.4614956e+001
  1.8287216e+002  5.7497028e+001
  1.6924335e+002  5.5785709e+001
  9.8303700e+001  3.0502006e+001
  8.0232855e+001  2.1142245e+001
  6.3570612e+001  1.9387681e+001
  4.5305163e+001  2.3678355e+001
  3.7548607e+001  3.5703963e+001
  4.3593845e+001  3.7307168e+001
  4.8252103e+001  2.9788461e+001
  6.1924161e+001  2.8466349e+001
  7.7026444e+001  3.3232720e+001
  9.5118912e+001  4.1075767e+001
  1.5591725e+002  3.2840380e+001
  1.6510403e+002  2.6903255e+001
  1.8035767e+002  2.1052621e+001
  1.9552482e+002  2.1268847e+001
  2.1662910e+002  3.0671854e+001
  2.1350918e+002  3.6695469e+001
  1.9691180e+002  3.0390760e+001
  1.8321812e+002  3.3229587e+001
  1.6950282e+002  3.7585129e+001
  1.5884257e+002  4.0467201e+001
  1.1925662e+002  5.0522019e+001
  1.1585560e+002  7.6262930e+001
  1.0957252e+002  9.1343590e+001
  1.0027762e+002  1.0486429e+002
  1.0918331e+002  1.1864446e+002
  1.2289861e+002  1.1428892e+002
  1.3654905e+002  1.1448352e+002
  1.5013462e+002  1.1922827e+002
  1.5639608e+002  1.0566433e+002
  1.4900711e+002  9.1905777e+001
  1.4317810e+002  7.5135421e+001
  1.4200734e+002  5.0846358e+001
  8.5848774e+001  1.5927143e+002
  9.6595515e+001  1.5032250e+002
  1.1492583e+002  1.4148168e+002
  1.2851140e+002  1.4622643e+002
  1.3917165e+002  1.4334435e+002
  1.5728574e+002  1.4967069e+002
  1.7232316e+002  1.5898720e+002
  1.5856461e+002  1.6637617e+002
  1.4333259e+002  1.7071009e+002
  1.2814382e+002  1.7201058e+002
  1.1148157e+002  1.7025602e+002
  1.0092944e+002  1.6555452e+002
  9.6487402e+001  1.5790607e+002
  1.1323614e+002  1.5359378e+002
  1.2840329e+002  1.5381000e+002
  1.4357044e+002  1.5402623e+002
  1.5867272e+002  1.5879260e+002
  1.4350557e+002  1.5857637e+002
  1.2833842e+002  1.5836015e+002
  1.1317127e+002  1.5814392e+002
  2.2165230e+001  5.0654888e+001
  2.1797646e+001  7.6439044e+001
  2.5980207e+001  1.0228807e+002
  2.8602808e+001  1.3114890e+002
  3.1247032e+001  1.5849302e+002
  3.8484646e+001  1.8286857e+002
  5.3327457e+001  2.0583552e+002
  7.2785282e+001  2.2431720e+002
  9.8418080e+001  2.3530179e+002
  1.2565408e+002  2.4024114e+002
  1.5301982e+002  2.3608020e+002
  1.7594353e+002  2.2427082e+002
  1.9743701e+002  2.0637295e+002
  2.1442359e+002  1.8537679e+002
  2.2540818e+002  1.5974399e+002
  2.3030429e+002  1.3554142e+002
  2.3526527e+002  1.0678870e+002
  2.3717119e+002  7.9509452e+001
  2.3756039e+002  5.2208581e+001
