  1.0154057e+002  5.5828550e+001
  9.2507310e+001  4.9857489e+001
  8.0482623e+001  4.6901446e+001
  6.9989035e+001  5.1447564e+001
  5.9507242e+001  5.8996904e+001
  6.8528706e+001  6.1964742e+001
  8.0541598e+001  6.1917562e+001
  9.2548592e+001  6.0368770e+001
  1.4960393e+002  5.8643053e+001
  1.5708250e+002  5.1105507e+001
  1.7057931e+002  4.6547595e+001
  1.8260400e+002  4.9503638e+001
  1.9314477e+002  5.6970413e+001
  1.8265118e+002  6.1516530e+001
  1.7063829e+002  6.1563710e+001
  1.5861950e+002  6.0109279e+001
  1.0290064e+002  1.9783976e+001
  9.2359872e+001  1.2317202e+001
  6.2333539e+001  1.3936763e+001
  4.7346911e+001  2.1503796e+001
  4.1381748e+001  3.2038667e+001
  4.5898378e+001  3.5024197e+001
  5.0373725e+001  2.7498447e+001
  6.3876433e+001  2.4442147e+001
  8.6400606e+001  2.4353684e+001
  9.9944597e+001  3.1808664e+001
  1.5095221e+002  1.9595256e+001
  1.7195118e+002  1.3506244e+001
  1.9448125e+002  1.4919393e+001
  2.0651773e+002  2.0878659e+001
  2.1255367e+002  2.8363127e+001
  2.0956814e+002  3.2879756e+001
  2.0353220e+002  2.5395289e+001
  1.9300913e+002  2.2433348e+001
  1.7049085e+002  2.4023423e+001
  1.5249510e+002  3.0100639e+001
  1.1354756e+002  5.4279759e+001
  1.1212262e+002  7.3806606e+001
  1.0468533e+002  9.1855431e+001
  9.5728741e+001  1.0540532e+002
  1.0179416e+002  1.2039785e+002
  1.1679259e+002  1.1583404e+002
  1.3331031e+002  1.1576916e+002
  1.5134734e+002  1.2020323e+002
  1.5730071e+002  1.0666513e+002
  1.4823796e+002  9.3186015e+001
  1.4065914e+002  7.5196164e+001
  1.3908086e+002  5.5681112e+001
  8.9946401e+001  1.6249015e+002
  1.0343142e+002  1.5492901e+002
  1.1391321e+002  1.4737967e+002
  1.2593790e+002  1.5033571e+002
  1.3943471e+002  1.4577780e+002
  1.5147119e+002  1.5173707e+002
  1.6801840e+002  1.5918025e+002
  1.5152427e+002  1.6525157e+002
  1.3952317e+002  1.6830198e+002
  1.2602046e+002  1.7135828e+002
  1.1400757e+002  1.7140546e+002
  1.0048127e+002  1.6845531e+002
  1.0195340e+002  1.6094136e+002
  1.1245288e+002  1.5789685e+002
  1.2596738e+002  1.5784377e+002
  1.4097170e+002  1.5478157e+002
  1.5750712e+002  1.5922154e+002
  1.4098350e+002  1.5778480e+002
  1.2597918e+002  1.6084700e+002
  1.1246468e+002  1.6090007e+002
  2.3444975e+001  5.3131998e+001
  2.3539336e+001  7.7157782e+001
  2.3645491e+001  1.0418679e+002
  2.6754869e+001  1.3120400e+002
  3.2861573e+001  1.5670781e+002
  4.1971500e+001  1.8219982e+002
  5.7070181e+001  2.0316340e+002
  7.6656003e+001  2.1960446e+002
  1.0074076e+002  2.3452622e+002
  1.2627995e+002  2.3742918e+002
  1.5479878e+002  2.3431391e+002
  1.8028489e+002  2.2370237e+002
  2.0124848e+002  2.0860369e+002
  2.2068686e+002  1.8750446e+002
  2.2959037e+002  1.6044007e+002
  2.3248744e+002  1.3339926e+002
  2.3388879e+002  1.0786597e+002
  2.3528425e+002  8.0831067e+001
  2.3668561e+002  5.5297773e+001
