  1.0046757e+002  5.6929497e+001
  9.1383625e+001  4.9243066e+001
  7.6182609e+001  4.4557886e+001
  6.3959932e+001  4.9036850e+001
  5.3226424e+001  5.8097886e+001
  6.5403276e+001  5.9713076e+001
  7.7580127e+001  6.1328266e+001
  8.9779892e+001  5.9896379e+001
  1.5379142e+002  5.7330471e+001
  1.6451347e+002  4.9792974e+001
  1.7978323e+002  4.5336922e+001
  1.9193717e+002  4.9999189e+001
  2.0254465e+002  5.7697076e+001
  1.9185697e+002  6.0663958e+001
  1.7965721e+002  6.2095846e+001
  1.6444473e+002  5.8934205e+001
  1.0071962e+002  2.3411650e+001
  7.3330291e+001  1.8634819e+001
  5.0477214e+001  1.8462973e+001
  3.8243080e+001  2.4465475e+001
  3.3603726e+001  3.3572337e+001
  3.8139972e+001  3.8177322e+001
  4.2744957e+001  3.3641076e+001
  5.4944721e+001  3.2209188e+001
  7.1703645e+001  3.2335209e+001
  9.7580887e+001  3.5577045e+001
  1.5099639e+002  2.3789711e+001
  1.7693091e+002  1.9413855e+001
  1.9674837e+002  1.8039250e+001
  2.1041439e+002  2.4236511e+001
  2.2101042e+002  3.3457937e+001
  2.1640543e+002  3.7994184e+001
  2.0881065e+002  3.4889825e+001
  1.9511026e+002  3.3263178e+001
  1.7987488e+002  3.3148614e+001
  1.5241682e+002  3.7513014e+001
  1.1572587e+002  5.3996984e+001
  1.1557694e+002  7.3802984e+001
  1.0934531e+002  9.2039621e+001
  1.0161305e+002  1.0721772e+002
  1.1065117e+002  1.2099831e+002
  1.2137323e+002  1.1346081e+002
  1.3659715e+002  1.1509891e+002
  1.4876255e+002  1.1823764e+002
  1.5343627e+002  1.0456017e+002
  1.4742231e+002  9.3849570e+001
  1.4147709e+002  7.3997743e+001
  1.4162603e+002  5.4191743e+001
  9.5117922e+001  1.6049575e+002
  1.0282727e+002  1.4836472e+002
  1.1661931e+002  1.3780306e+002
  1.2878470e+002  1.4094179e+002
  1.3794885e+002  1.3796345e+002
  1.5310404e+002  1.4874278e+002
  1.6368861e+002  1.5948774e+002
  1.5147739e+002  1.6244317e+002
  1.4381387e+002  1.6848004e+002
  1.2702058e+002  1.7292464e+002
  1.1334310e+002  1.6825091e+002
  1.0272416e+002  1.6207657e+002
  1.0734060e+002  1.5601678e+002
  1.1500412e+002  1.4997991e+002
  1.2719243e+002  1.5007156e+002
  1.4243927e+002  1.4866259e+002
  1.5304675e+002  1.5636047e+002
  1.4391698e+002  1.5476820e+002
  1.2867014e+002  1.5617717e+002
  1.1648183e+002  1.5608552e+002
  1.5195244e+001  5.0193784e+001
  1.3431120e+001  8.2176636e+001
  1.6294895e+001  1.0657617e+002
  2.3717828e+001  1.3253360e+002
  3.1152218e+001  1.5696750e+002
  4.3157224e+001  1.8143577e+002
  5.8243675e+001  2.0135633e+002
  7.7912199e+001  2.1978773e+002
  1.0068508e+002  2.3062434e+002
  1.2656232e+002  2.3386618e+002
  1.5097331e+002  2.2947887e+002
  1.7541866e+002  2.2052094e+002
  1.9837485e+002  2.0698094e+002
  2.1377062e+002  1.8576596e+002
  2.2461870e+002  1.6146954e+002
  2.3090761e+002  1.3561521e+002
  2.3566153e+002  1.1127297e+002
  2.3737982e+002  8.5384267e+001
  2.3910958e+002  5.7972030e+001
