  1.0156718e+002  5.4691728e+001
  9.4006137e+001  4.7157570e+001
  7.8902871e+001  4.2655894e+001
  6.8341607e+001  4.5693753e+001
  5.6276199e+001  5.1753341e+001
  6.6853594e+001  5.7772602e+001
  7.8935132e+001  6.0770135e+001
  9.1005916e+001  5.7729587e+001
  1.5289355e+002  5.6109842e+001
  1.6193723e+002  4.8546111e+001
  1.7551485e+002  4.3993355e+001
  1.8910590e+002  4.6988200e+001
  1.9968330e+002  5.3007461e+001
  1.8912741e+002  5.9064360e+001
  1.7705394e+002  6.0595388e+001
  1.6195336e+002  5.7603232e+001
  1.0302831e+002  2.7517678e+001
  8.1884273e+001  2.1517235e+001
  5.7723886e+001  1.7031690e+001
  4.4151647e+001  2.4603486e+001
  3.3593071e+001  2.9150865e+001
  3.6622865e+001  3.5183569e+001
  4.8693649e+001  3.2143021e+001
  5.9252225e+001  2.7595642e+001
  8.0393572e+001  3.2086564e+001
  9.8515878e+001  3.6582864e+001
  1.5283978e+002  2.5919440e+001
  1.6792692e+002  2.1363995e+001
  1.9357801e+002  1.5280212e+001
  2.0868127e+002  1.9781888e+001
  2.1774646e+002  2.4294318e+001
  2.1474086e+002  3.1847295e+001
  2.0416884e+002  2.8847074e+001
  1.9208999e+002  2.7359061e+001
  1.7096478e+002  3.1925259e+001
  1.5436543e+002  3.4973872e+001
  1.1665969e+002  5.3155324e+001
  1.1670271e+002  7.7307646e+001
  1.1220372e+002  9.3920432e+001
  9.8647611e+001  1.1054935e+002
  1.0773162e+002  1.2562842e+002
  1.2282682e+002  1.2560154e+002
  1.3792202e+002  1.2557465e+002
  1.5452674e+002  1.2554508e+002
  1.5751889e+002  1.1044450e+002
  1.4541316e+002  9.3861287e+001
  1.4085234e+002  7.5755111e+001
  1.4080933e+002  5.1602789e+001
  8.6662856e+001  1.6189454e+002
  1.0174730e+002  1.5582958e+002
  1.1683444e+002  1.5127413e+002
  1.2740646e+002  1.5427435e+002
  1.4098676e+002  1.5123112e+002
  1.5306561e+002  1.5271913e+002
  1.6968646e+002  1.6174668e+002
  1.5309787e+002  1.7083337e+002
  1.4253930e+002  1.7538075e+002
  1.2744678e+002  1.7691715e+002
  1.1385304e+002  1.7241279e+002
  1.0177150e+002  1.6941526e+002
  9.7229497e+001  1.6187572e+002
  1.1232470e+002  1.6184884e+002
  1.2742259e+002  1.6333147e+002
  1.4402462e+002  1.6179238e+002
  1.5760761e+002  1.6025867e+002
  1.4402462e+002  1.6179238e+002
  1.2742259e+002  1.6333147e+002
  1.1232470e+002  1.6184884e+002
  1.7025988e+001  5.0313719e+001
  1.5562171e+001  7.5978250e+001
  1.7114706e+001  1.0012788e+002
  2.0182138e+001  1.2729387e+002
  2.6263233e+001  1.5143544e+002
  3.9889240e+001  1.7405404e+002
  5.6528911e+001  1.9364823e+002
  7.7689076e+001  2.0870579e+002
  1.0186022e+002  2.1922942e+002
  1.2753281e+002  2.2522180e+002
  1.5470149e+002  2.2366389e+002
  1.7581326e+002  2.1155009e+002
  1.9842918e+002  1.9641456e+002
  2.1349749e+002  1.8129248e+002
  2.2704016e+002  1.5711596e+002
  2.3152839e+002  1.3446509e+002
  2.3449636e+002  1.0577883e+002
  2.3746432e+002  7.7092572e+001
  2.3742130e+002  5.2940251e+001
