  1.0075261e+002  5.2431049e+001
  9.3352679e+001  4.3338515e+001
  8.1380344e+001  4.0197294e+001
  6.7837398e+001  4.3042239e+001
  6.0263192e+001  4.8958695e+001
  6.7715402e+001  5.3548532e+001
  7.9705165e+001  5.5188854e+001
  9.1712356e+001  5.5328278e+001
  1.5628586e+002  5.3075884e+001
  1.6387750e+002  4.5658530e+001
  1.7593697e+002  4.1295257e+001
  1.8792674e+002  4.2935580e+001
  1.9534409e+002  5.0527215e+001
  1.8776988e+002  5.6443670e+001
  1.7724616e+002  5.7822573e+001
  1.6525640e+002  5.6182250e+001
  1.0710476e+002  2.2482783e+001
  8.7697643e+001  1.3250826e+001
  6.3718117e+001  9.9701800e+000
  4.8604561e+001  1.8801293e+001
  3.9459743e+001  3.0703916e+001
  4.5393627e+001  3.6777224e+001
  5.2967833e+001  3.0860768e+001
  6.6510779e+001  2.8015823e+001
  8.6039893e+001  2.6741488e+001
  1.0248007e+002  3.2936791e+001
  1.3858878e+002  2.5850569e+001
  1.6424349e+002  1.4139654e+001
  1.9132938e+002  8.4497620e+000
  2.0775213e+002  1.6145964e+001
  2.1509977e+002  2.9741194e+001
  2.1054479e+002  3.4191607e+001
  2.0312743e+002  2.6599973e+001
  1.8811844e+002  2.6425693e+001
  1.6857190e+002  2.9200926e+001
  1.4447038e+002  3.6426573e+001
  1.1431298e+002  4.8085204e+001
  1.1399928e+002  7.5101384e+001
  1.1075349e+002  9.6079112e+001
  1.0155638e+002  1.1248443e+002
  1.0735084e+002  1.3056493e+002
  1.1790942e+002  1.2618423e+002
  1.3441931e+002  1.2637594e+002
  1.4487332e+002  1.3100063e+002
  1.5260437e+002  1.1157609e+002
  1.4230722e+002  9.3443302e+001
  1.3803108e+002  7.3879333e+001
  1.3682646e+002  4.8346624e+001
  8.8974070e+001  1.6187467e+002
  1.0253444e+002  1.5752883e+002
  1.1757829e+002  1.5470131e+002
  1.2804972e+002  1.5782510e+002
  1.3859087e+002  1.5494530e+002
  1.5206411e+002  1.5810395e+002
  1.6705567e+002  1.5977913e+002
  1.4892289e+002  1.7007629e+002
  1.4136611e+002  1.7449184e+002
  1.2782316e+002  1.7733679e+002
  1.1583340e+002  1.7569646e+002
  1.0387849e+002  1.7105434e+002
  1.0246473e+002  1.6353242e+002
  1.1599025e+002  1.6218837e+002
  1.2798001e+002  1.6382870e+002
  1.4150553e+002  1.6248465e+002
  1.5499619e+002  1.6414240e+002
  1.4147067e+002  1.6548645e+002
  1.2796258e+002  1.6532960e+002
  1.1597282e+002  1.6368927e+002
  3.0280070e+001  4.5608337e+001
  2.8465467e+001  7.2607089e+001
  2.8151764e+001  9.9623269e+001
  3.0839857e+001  1.2667430e+002
  3.3510523e+001  1.5522624e+002
  4.2237068e+001  1.7934519e+002
  6.0003863e+001  2.0056691e+002
  7.7770658e+001  2.2178863e+002
  1.0162819e+002  2.3557557e+002
  1.3011041e+002  2.3890850e+002
  1.5569540e+002  2.3320118e+002
  1.7689970e+002  2.1693528e+002
  1.9361872e+002  1.9911620e+002
  2.1035517e+002  1.7979623e+002
  2.2114031e+002  1.5590384e+002
  2.2295491e+002  1.2890509e+002
  2.2625299e+002  1.0342466e+002
  2.2805016e+002  7.7926810e+001
  2.2534464e+002  5.2376673e+001
