  1.0005901e+002  5.5762081e+001
  8.9402977e+001  4.8177363e+001
  7.8754530e+001  4.5154097e+001
  6.6595716e+001  4.8215297e+001
  5.7485455e+001  5.5832891e+001
  6.6613418e+001  5.8858685e+001
  7.8779819e+001  6.0358938e+001
  8.9420679e+001  5.8820752e+001
  1.5479897e+002  5.7191525e+001
  1.6390923e+002  4.9573932e+001
  1.7606804e+002  4.6512732e+001
  1.8671143e+002  4.6495030e+001
  2.0040843e+002  5.4074690e+001
  1.8977263e+002  5.8653845e+001
  1.7761129e+002  6.0194560e+001
  1.6544741e+002  6.0214791e+001
  1.0152892e+002  2.5349871e+001
  8.1752507e+001  1.9300810e+001
  5.4376207e+001  1.4784878e+001
  4.2222450e+001  2.0887045e+001
  3.7671113e+001  2.6976568e+001
  4.0722197e+001  3.3053447e+001
  4.8319560e+001  2.9999834e+001
  5.7437406e+001  2.6943693e+001
  8.0249726e+001  2.9946727e+001
  1.0002361e+002  3.4475304e+001
  1.4866392e+002  2.5271475e+001
  1.7298408e+002  2.0669560e+001
  1.9426327e+002  1.6072704e+001
  2.0947823e+002  2.2129351e+001
  2.2013932e+002  3.2755037e+001
  2.1254449e+002  3.7329134e+001
  2.0645244e+002  3.1257313e+001
  1.9124507e+002  2.9762118e+001
  1.7452227e+002  3.1310420e+001
  1.5172007e+002  3.4389322e+001
  1.1677928e+002  5.2693295e+001
  1.1681721e+002  7.5500557e+001
  1.0924514e+002  9.3759011e+001
  1.0014752e+002  1.0897902e+002
  1.0625475e+002  1.2417375e+002
  1.1993658e+002  1.2263051e+002
  1.3665937e+002  1.2108220e+002
  1.5187180e+002  1.2561837e+002
  1.5793097e+002  1.1192390e+002
  1.4878025e+002  9.5213743e+001
  1.4114243e+002  7.3939611e+001
  1.3958654e+002  5.2655362e+001
  8.6549147e+001  1.6069824e+002
  1.0326689e+002  1.5610897e+002
  1.1694618e+002  1.5304525e+002
  1.2911259e+002  1.5454550e+002
  1.4279441e+002  1.5300225e+002
  1.5496082e+002  1.5450251e+002
  1.7321421e+002  1.5903361e+002
  1.5650153e+002  1.6666385e+002
  1.4282223e+002  1.6972758e+002
  1.2761992e+002  1.7127335e+002
  1.1241002e+002  1.6825767e+002
  1.0176410e+002  1.6675489e+002
  9.8715549e+001  1.6219850e+002
  1.1239485e+002  1.5913477e+002
  1.2912270e+002  1.6062743e+002
  1.4280453e+002  1.5908419e+002
  1.6105034e+002  1.5905384e+002
  1.4433007e+002  1.6212263e+002
  1.2912776e+002  1.6366840e+002
  1.1239991e+002  1.6217574e+002
  1.3383830e+001  5.1344776e+001
  1.1903808e+001  7.5675051e+001
  1.3469812e+001  1.0304124e+002
  2.1112695e+001  1.2735634e+002
  2.7237623e+001  1.5319445e+002
  3.9439429e+001  1.7598148e+002
  5.6200158e+001  1.9724044e+002
  7.7514754e+001  2.1393036e+002
  1.0185767e+002  2.2301280e+002
  1.2923397e+002  2.2752874e+002
  1.5507715e+002  2.2444478e+002
  1.7634622e+002  2.1376598e+002
  1.9608722e+002  1.9852827e+002
  2.1277714e+002  1.7721367e+002
  2.2490308e+002  1.5438618e+002
  2.3094456e+002  1.3004832e+002
  2.3394506e+002  1.0571551e+002
  2.3542256e+002  7.9864756e+001
  2.3538209e+002  5.5537010e+001
