  1.0236666e+002  5.0271736e+001
  9.1794798e+001  4.4145298e+001
  7.9689029e+001  4.1040705e+001
  6.6030964e+001  4.3988996e+001
  5.5367162e+001  5.3017754e+001
  6.4451085e+001  5.4588439e+001
  7.9606281e+001  5.4680382e+001
  9.3255152e+001  5.3247610e+001
  1.5387594e+002  5.3615380e+001
  1.6453974e+002  4.4586622e+001
  1.7668229e+002  4.1629136e+001
  1.9030357e+002  4.4742924e+001
  2.0086624e+002  5.2384881e+001
  1.8871450e+002  5.6857886e+001
  1.7659034e+002  5.6784333e+001
  1.6296905e+002  5.3670545e+001
  1.1010056e+002  2.4553874e+001
  9.0444775e+001  1.6856751e+001
  6.0143576e+001  1.5157347e+001
  4.4933215e+001  2.4158522e+001
  3.7291257e+001  3.4721188e+001
  4.0294714e+001  3.9286135e+001
  5.0940128e+001  3.3288417e+001
  6.1585542e+001  2.7290698e+001
  8.2784428e+001  3.0450456e+001
  1.0699597e+002  3.6659643e+001
  1.4192647e+002  2.4746953e+001
  1.6773628e+002  1.7325657e+001
  1.9804667e+002  1.7509542e+001
  2.0709381e+002  2.5142305e+001
  2.1613177e+002  3.4290588e+001
  2.1307314e+002  3.8818759e+001
  2.0249209e+002  3.4207840e+001
  1.8887080e+002  3.1094053e+001
  1.7068457e+002  3.0983722e+001
  1.4639948e+002  3.6898693e+001
  1.1601553e+002  4.8838965e+001
  1.1587762e+002  7.1571759e+001
  1.0814372e+002  9.7289621e+001
  1.0047418e+002  1.1239885e+002
  1.0647189e+002  1.2304426e+002
  1.2014835e+002  1.1706493e+002
  1.3378802e+002  1.1714768e+002
  1.5043116e+002  1.2179537e+002
  1.5505127e+002  1.0969880e+002
  1.4754723e+002  9.7528672e+001
  1.4012593e+002  7.1718867e+001
  1.3874832e+002  4.8976879e+001
  8.5006375e+001  1.6383457e+002
  1.0325697e+002  1.5333627e+002
  1.1539951e+002  1.5037878e+002
  1.2751448e+002  1.5196785e+002
  1.3814150e+002  1.4900117e+002
  1.5326912e+002  1.5363967e+002
  1.6837834e+002  1.6130921e+002
  1.5620821e+002  1.6881326e+002
  1.4253176e+002  1.7479259e+002
  1.2888289e+002  1.7622536e+002
  1.1525241e+002  1.7462709e+002
  1.0013399e+002  1.6847307e+002
  9.7148920e+001  1.6087709e+002
  1.1382883e+002  1.5946270e+002
  1.2747770e+002  1.5802993e+002
  1.4565474e+002  1.5965578e+002
  1.6080074e+002  1.6126324e+002
  1.4563635e+002  1.6268682e+002
  1.2745012e+002  1.6257649e+002
  1.1380125e+002  1.6400926e+002
  2.2062507e+001  4.6753403e+001
  2.0381491e+001  7.4023561e+001
  2.3247034e+001  1.0132130e+002
  2.4587863e+001  1.3012537e+002
  3.0493640e+001  1.5592598e+002
  4.0955169e+001  1.8023865e+002
  5.7487971e+001  2.0307259e+002
  7.7070201e+001  2.2289387e+002
  1.0124496e+002  2.3516513e+002
  1.2851512e+002  2.3684615e+002
  1.5582206e+002  2.3246508e+002
  1.7711288e+002  2.2046965e+002
  1.9390312e+002  2.0086903e+002
  2.0919624e+002  1.7822817e+002
  2.1995198e+002  1.5404422e+002
  2.2465484e+002  1.2830797e+002
  2.3087322e+002  1.0258091e+002
  2.3255424e+002  7.5310755e+001
  2.2967031e+002  5.1044052e+001
