  1.0293168e+002  4.9930542e+001
  9.3819491e+001  4.0969965e+001
  7.8733584e+001  3.8084181e+001
  6.6722976e+001  4.2703447e+001
  5.9243194e+001  4.8790875e+001
  6.8292211e+001  5.0221132e+001
  7.8859927e+001  5.3144820e+001
  9.2401868e+001  5.1525047e+001
  1.5413785e+002  4.9500974e+001
  1.6160500e+002  4.1907483e+001
  1.7361561e+002  3.7288217e+001
  1.8567675e+002  3.8693206e+001
  1.9628237e+002  4.6135085e+001
  1.8728389e+002  5.0729083e+001
  1.7374195e+002  5.2348856e+001
  1.6470557e+002  5.2424662e+001
  9.9704769e+001  2.4352725e+001
  8.0100670e+001  2.1504844e+001
  6.2015269e+001  2.0150392e+001
  5.0004661e+001  2.4769659e+001
  4.4043577e+001  3.2350515e+001
  5.0118370e+001  3.8324234e+001
  5.6104722e+001  3.3755505e+001
  6.5115837e+001  3.0667571e+001
  8.0189110e+001  3.2047291e+001
  9.9767941e+001  3.1883045e+001
  1.5092358e+002  2.5429221e+001
  1.6895844e+002  2.0759417e+001
  1.8699330e+002  1.6089613e+001
  2.0210448e+002  2.1987525e+001
  2.0971060e+002  3.0960737e+001
  2.0524295e+002  3.7022896e+001
  1.9766209e+002  3.1061812e+001
  1.8858781e+002  2.6619426e+001
  1.7054031e+002  2.9783166e+001
  1.5249281e+002  3.2946906e+001
  1.1344886e+002  4.6829974e+001
  1.1365101e+002  7.0926996e+001
  1.0930970e+002  9.2049794e+001
  9.8868325e+001  1.0418675e+002
  1.0201943e+002  1.2072818e+002
  1.2009220e+002  1.2057657e+002
  1.3363414e+002  1.1895679e+002
  1.5471903e+002  1.1877991e+002
  1.5760482e+002  1.0369401e+002
  1.4546786e+002  9.3252633e+001
  1.3925409e+002  7.0712212e+001
  1.3905194e+002  4.6615190e+001
  8.8793349e+001  1.5999955e+002
  1.0231002e+002  1.5536765e+002
  1.1583933e+002  1.5224181e+002
  1.2640704e+002  1.5516550e+002
  1.3693686e+002  1.5357099e+002
  1.5204803e+002  1.5946891e+002
  1.6562788e+002  1.6236732e+002
  1.5369307e+002  1.7602298e+002
  1.4021431e+002  1.8517307e+002
  1.2667236e+002  1.8679284e+002
  1.1159909e+002  1.8541312e+002
  9.9462140e+001  1.7497175e+002
  9.9361065e+001  1.6292324e+002
  1.1295354e+002  1.6732772e+002
  1.2652075e+002  1.6872007e+002
  1.4156876e+002  1.6708767e+002
  1.5509806e+002  1.6396183e+002
  1.4156876e+002  1.6708767e+002
  1.2652075e+002  1.6872007e+002
  1.1295354e+002  1.6732772e+002
  2.9096647e+001  4.6031434e+001
  2.9311431e+001  7.1634520e+001
  3.4057041e+001  9.8705766e+001
  4.0283446e+001  1.2275225e+002
  4.6535120e+001  1.4981086e+002
  5.2774160e+001  1.7536341e+002
  6.2012692e+001  1.9938463e+002
  7.7262847e+001  2.2184924e+002
  9.9967514e+001  2.3521430e+002
  1.2713984e+002  2.4251720e+002
  1.5269238e+002  2.3627816e+002
  1.7668833e+002  2.2402750e+002
  1.9611555e+002  2.0579049e+002
  2.0643058e+002  1.7859290e+002
  2.1527745e+002  1.5592614e+002
  2.2258035e+002  1.2875381e+002
  2.2838982e+002  1.0310019e+002
  2.3268059e+002  7.5953138e+001
  2.3245317e+002  4.8843988e+001
