  1.0440112e+002  5.5815210e+001
  9.5357157e+001  4.8312921e+001
  8.3317687e+001  4.6835435e+001
  7.1281595e+001  4.6862460e+001
  6.0763526e+001  5.2904153e+001
  7.1301863e+001  5.5889529e+001
  8.1840200e+001  5.8874905e+001
  9.3876293e+001  5.8847880e+001
  1.5555789e+002  5.7204866e+001
  1.6305680e+002  4.6656394e+001
  1.7509289e+002  4.6629369e+001
  1.8562785e+002  4.8110234e+001
  1.9466505e+002  5.2603500e+001
  1.8564812e+002  5.7137303e+001
  1.7511992e+002  5.8665462e+001
  1.6458834e+002  5.8689108e+001
  1.1032795e+002  1.5179886e+001
  8.9254658e+001  1.0713645e+001
  6.3674584e+001  9.2665620e+000
  4.8642981e+001  1.5318389e+001
  4.2651960e+001  2.7367994e+001
  4.7189141e+001  3.7889440e+001
  5.4691430e+001  2.8845481e+001
  6.6720766e+001  2.5809433e+001
  8.7787306e+001  2.7266650e+001
  1.0584820e+002  3.0235136e+001
  1.4041818e+002  1.5112324e+001
  1.6297572e+002  1.0548117e+001
  1.9005018e+002  7.4782880e+000
  2.0210316e+002  1.4973821e+001
  2.0964261e+002  2.2479488e+001
  2.0514596e+002  3.0012180e+001
  1.9761665e+002  2.7020047e+001
  1.8557380e+002  2.4038049e+001
  1.6451402e+002  2.5589854e+001
  1.4194972e+002  2.7145038e+001
  1.1793159e+002  5.1271273e+001
  1.1798226e+002  7.3838946e+001
  1.1051375e+002  9.7928021e+001
  1.0152722e+002  1.1600243e+002
  1.0607454e+002  1.3103741e+002
  1.2262078e+002  1.2949574e+002
  1.4067492e+002  1.2945520e+002
  1.5872906e+002  1.2941466e+002
  1.6019979e+002  1.1436617e+002
  1.5264345e+002  9.9337945e+001
  1.4356233e+002  7.5286029e+001
  1.4351166e+002  5.2718356e+001
  8.9595849e+001  1.6266931e+002
  1.0312294e+002  1.5662086e+002
  1.1665341e+002  1.5207692e+002
  1.3020415e+002  1.5656006e+002
  1.4373800e+002  1.5352063e+002
  1.5578422e+002  1.5800714e+002
  1.6782707e+002  1.6098914e+002
  1.5431011e+002  1.7155112e+002
  1.4529656e+002  1.7758944e+002
  1.2875031e+002  1.7913111e+002
  1.1369844e+002  1.7615587e+002
  1.0164883e+002  1.7016484e+002
  1.0313645e+002  1.6263891e+002
  1.1516917e+002  1.6110737e+002
  1.2871653e+002  1.6408599e+002
  1.4225713e+002  1.6405559e+002
  1.5880676e+002  1.6401843e+002
  1.4225713e+002  1.6405559e+002
  1.2871653e+002  1.6408599e+002
  1.1516917e+002  1.6110737e+002
  1.7125935e+001  4.9993095e+001
  1.4174340e+001  7.5576548e+001
  1.5736280e+001  1.0114987e+002
  2.3319644e+001  1.2821418e+002
  3.2400763e+001  1.5226610e+002
  4.2986394e+001  1.7631464e+002
  5.8082181e+001  1.9884853e+002
  7.7677991e+001  2.1535424e+002
  1.0178396e+002  2.3034531e+002
  1.2737079e+002  2.3480141e+002
  1.5143622e+002  2.3173834e+002
  1.7246897e+002  2.1815044e+002
  1.9048258e+002  2.0005577e+002
  2.0397589e+002  1.7896220e+002
  2.1294890e+002  1.5486975e+002
  2.1740501e+002  1.2928292e+002
  2.2487352e+002  1.0519384e+002
  2.2932625e+002  7.8102499e+001
  2.3077333e+002  5.2522425e+001
