  9.7104514e+001  5.6380680e+001
  8.8073377e+001  4.8616552e+001
  7.4421248e+001  4.3831565e+001
  5.9127268e+001  4.6646713e+001
  4.9861854e+001  5.4129710e+001
  6.0464559e+001  5.8867841e+001
  7.4186971e+001  5.9078690e+001
  8.6384671e+001  5.9266111e+001
  1.5504359e+002  5.7270932e+001
  1.6888314e+002  4.9858218e+001
  1.8115112e+002  4.5471502e+001
  1.9480325e+002  5.0256489e+001
  2.0230968e+002  5.7997190e+001
  1.9311454e+002  6.0906049e+001
  1.7936871e+002  6.2219912e+001
  1.6871915e+002  6.0531206e+001
  1.0829291e+002  2.3000999e+001
  8.6970363e+001  2.1148299e+001
  6.1097106e+001  1.7700604e+001
  4.4231558e+001  2.3541749e+001
  3.3371149e+001  3.5575456e+001
  3.7875003e+001  4.0219876e+001
  4.7140417e+001  3.2736880e+001
  6.0886257e+001  3.1423016e+001
  8.5258229e+001  3.3322571e+001
  1.0505606e+002  3.5151844e+001
  1.4636387e+002  2.6636116e+001
  1.7082955e+002  2.2436821e+001
  1.9377052e+002  1.8214099e+001
  2.0735237e+002  2.7573223e+001
  2.1636007e+002  3.6862064e+001
  2.1169223e+002  4.2890631e+001
  2.0261424e+002  3.8175927e+001
  1.9201153e+002  3.3437796e+001
  1.7371498e+002  3.3156664e+001
  1.4924930e+002  3.7355959e+001
  1.1392321e+002  5.3588960e+001
  1.1361865e+002  7.3410222e+001
  1.0571395e+002  9.1589634e+001
  9.6307973e+001  1.0822091e+002
  1.0526883e+002  1.2055917e+002
  1.2208752e+002  1.1776745e+002
  1.3885936e+002  1.1802516e+002
  1.5713248e+002  1.1983100e+002
  1.6341875e+002  1.0772701e+002
  1.5302690e+002  8.9266466e+001
  1.4413632e+002  7.2354063e+001
  1.4139146e+002  5.2485945e+001
  8.4908728e+001  1.5532300e+002
  1.0027299e+002  1.4793371e+002
  1.1406569e+002  1.4357042e+002
  1.3079067e+002  1.4687755e+002
  1.4455994e+002  1.4403898e+002
  1.5821207e+002  1.4882396e+002
  1.7336548e+002  1.5515709e+002
  1.5795436e+002  1.6559580e+002
  1.4568638e+002  1.6998252e+002
  1.3039240e+002  1.7279767e+002
  1.1516870e+002  1.7103868e+002
  9.9991859e+001  1.6623026e+002
  9.5581715e+001  1.5548699e+002
  1.1237698e+002  1.5421998e+002
  1.2912539e+002  1.5600240e+002
  1.4589723e+002  1.5626011e+002
  1.6419378e+002  1.5654124e+002
  1.4739851e+002  1.5780825e+002
  1.2907853e+002  1.5905183e+002
  1.1233013e+002  1.5726941e+002
  1.4863750e+001  4.9016736e+001
  1.1345772e+001  7.9464130e+001
  1.3973498e+001  1.0695581e+002
  1.6648081e+001  1.3139807e+002
  2.2348660e+001  1.5741189e+002
  3.2646805e+001  1.8197128e+002
  5.2186935e+001  2.0057239e+002
  7.3298633e+001  2.1614750e+002
  9.7530039e+001  2.2719533e+002
  1.2952557e+002  2.2921203e+002
  1.5399126e+002  2.2501273e+002
  1.7700251e+002  2.1621587e+002
  1.9858276e+002  2.0129674e+002
  2.1716044e+002  1.8328132e+002
  2.2668356e+002  1.5902648e+002
  2.3017811e+002  1.3010380e+002
  2.3367266e+002  1.0118112e+002
  2.3557222e+002  7.6809148e+001
  2.3285078e+002  5.5416318e+001
