  1.0230557e+002  5.2624179e+001
  9.1789482e+001  4.7860034e+001
  7.8180090e+001  4.6065002e+001
  6.5993160e+001  4.8847831e+001
  5.8321996e+001  5.3239407e+001
  6.7322480e+001  5.7972505e+001
  7.9416267e+001  5.9736489e+001
  9.1572150e+001  5.8469265e+001
  1.5228947e+002  5.5164351e+001
  1.6299184e+002  5.0834870e+001
  1.7669438e+002  4.8083088e+001
  1.8875712e+002  5.1362677e+001
  1.9627304e+002  5.4549123e+001
  1.8863293e+002  5.7425095e+001
  1.7799265e+002  5.8723367e+001
  1.6435221e+002  5.8443939e+001
  1.0586459e+002  2.6921000e+001
  8.1739106e+001  2.0361823e+001
  5.9067135e+001  1.6864902e+001
  4.3755854e+001  2.4132449e+001
  3.1444734e+001  3.2977695e+001
  3.5898405e+001  3.7617651e+001
  4.6600778e+001  3.3288170e+001
  5.8787708e+001  3.0505341e+001
  7.9975122e+001  3.2455610e+001
  1.0264709e+002  3.5952531e+001
  1.4369260e+002  3.0728396e+001
  1.6355069e+002  2.3553991e+001
  1.9095576e+002  1.8050428e+001
  2.0747217e+002  2.5969972e+001
  2.1492601e+002  3.2187627e+001
  2.1331726e+002  3.6703393e+001
  2.0277012e+002  3.3454852e+001
  1.8912968e+002  3.3175425e+001
  1.6478687e+002  3.7225478e+001
  1.4653752e+002  3.9884117e+001
  1.1597706e+002  5.1388002e+001
  1.1557344e+002  7.1090859e+001
  1.0913845e+002  8.9153922e+001
  9.9734352e+001  1.0412368e+002
  1.0393964e+002  1.2088847e+002
  1.2067339e+002  1.1819879e+002
  1.3886064e+002  1.1857136e+002
  1.5092338e+002  1.2185094e+002
  1.5732732e+002  1.0530348e+002
  1.4705961e+002  8.8414504e+001
  1.3982311e+002  7.1587619e+001
  1.3871112e+002  5.1853715e+001
  8.6491807e+001  1.5843706e+002
  1.0034958e+002  1.4810726e+002
  1.1566086e+002  1.4083971e+002
  1.2620800e+002  1.4408825e+002
  1.3839493e+002  1.4130542e+002
  1.5491134e+002  1.4922496e+002
  1.6688093e+002  1.5705137e+002
  1.5463191e+002  1.6286540e+002
  1.4396058e+002  1.6567928e+002
  1.2719579e+002  1.6988457e+002
  1.1358640e+002  1.6808954e+002
  9.8523500e+001  1.6323225e+002
  9.8647690e+001  1.5716983e+002
  1.1238127e+002  1.5290245e+002
  1.2602171e+002  1.5318187e+002
  1.4269336e+002  1.5352340e+002
  1.5775626e+002  1.5838069e+002
  1.4263126e+002  1.5655461e+002
  1.2589752e+002  1.5924429e+002
  1.1077253e+002  1.5741821e+002
  2.2040633e+001  4.7947454e+001
  2.1481779e+001  7.5228333e+001
  2.3985180e+001  1.0105570e+002
  2.7973139e+001  1.2842972e+002
  3.0383398e+001  1.5880391e+002
  4.0526916e+001  1.8175530e+002
  5.5279343e+001  2.0176864e+002
  7.3062978e+001  2.2184406e+002
  1.0006443e+002  2.3604336e+002
  1.2728321e+002  2.3963342e+002
  1.5462619e+002  2.3716107e+002
  1.7912424e+002  2.2553299e+002
  2.0074632e+002  2.0626480e+002
  2.2088384e+002  1.8544995e+002
  2.3350543e+002  1.6144866e+002
  2.3709550e+002  1.3422988e+002
  2.4068556e+002  1.0701110e+002
  2.4427562e+002  7.9792313e+001
  2.4328783e+002  5.3995991e+001
