  9.9718355e+001  5.2463539e+001
  8.7673259e+001  4.4840031e+001
  7.5593890e+001  4.3260491e+001
  6.3488815e+001  4.6213928e+001
  5.4388588e+001  5.2206486e+001
  6.4931260e+001  5.8310434e+001
  7.7010629e+001  5.9889974e+001
  8.9115704e+001  5.6936537e+001
  1.6014091e+002  5.5828262e+001
  1.6622772e+002  4.8307574e+001
  1.7834136e+002  4.3843145e+001
  1.9192315e+002  4.6942246e+001
  2.0095483e+002  5.3037625e+001
  1.9335703e+002  6.0549744e+001
  1.8126052e+002  6.1992189e+001
  1.6918972e+002  5.8901657e+001
  1.0592512e+002  2.3788961e+001
  9.0849475e+001  1.7659307e+001
  6.0655336e+001  1.2954962e+001
  4.7013564e+001  2.0432807e+001
  3.6376639e+001  3.0949773e+001
  4.0883911e+001  3.5508455e+001
  5.1503698e+001  2.8013473e+001
  6.2097781e+001  2.5051468e+001
  8.4736959e+001  2.9712971e+001
  9.9829744e+001  3.2820640e+001
  1.4369993e+002  2.4003172e+001
  1.6186611e+002  1.8062024e+001
  1.8757011e+002  1.5185703e+001
  2.0567632e+002  1.9821501e+001
  2.1772141e+002  2.7445010e+001
  2.1315416e+002  3.3463274e+001
  2.0261149e+002  2.7359326e+001
  1.8750157e+002  2.7273641e+001
  1.6783296e+002  3.1695228e+001
  1.4818150e+002  3.3094831e+001
  1.1633927e+002  5.2557792e+001
  1.1621074e+002  7.5222676e+001
  1.0855296e+002  9.3311740e+001
  9.9418459e+001  1.0534827e+002
  1.0388289e+002  1.1746191e+002
  1.2355149e+002  1.1304032e+002
  1.3412844e+002  1.1310030e+002
  1.5978960e+002  1.1777894e+002
  1.6136914e+002  1.0569957e+002
  1.5238887e+002  9.0538241e+001
  1.4190618e+002  7.3857347e+001
  1.4052371e+002  5.1183895e+001
  9.3066026e+001  1.5970971e+002
  1.0215769e+002  1.5522815e+002
  1.1881287e+002  1.4927843e+002
  1.3088367e+002  1.5236896e+002
  1.3995820e+002  1.5090938e+002
  1.5050087e+002  1.5701333e+002
  1.6405696e+002  1.6464541e+002
  1.5342860e+002  1.7365138e+002
  1.4281738e+002  1.7963537e+002
  1.2769889e+002  1.8106068e+002
  1.1561952e+002  1.7948114e+002
  1.0207200e+002  1.7033807e+002
  1.0362584e+002  1.6279168e+002
  1.1573091e+002  1.5983824e+002
  1.2932127e+002  1.6142635e+002
  1.4443119e+002  1.6151203e+002
  1.5499957e+002  1.6308301e+002
  1.4441406e+002  1.6453402e+002
  1.2930413e+002  1.6444833e+002
  1.1572234e+002  1.6134923e+002
  2.2674888e+001  4.9004564e+001
  1.9507240e+001  7.4674295e+001
  2.5396977e+001  1.0190643e+002
  3.1295282e+001  1.2762757e+002
  3.4163034e+001  1.5484257e+002
  4.0052771e+001  1.8207470e+002
  5.3531743e+001  2.0330571e+002
  7.4582813e+001  2.2155757e+002
  1.0021827e+002  2.3076919e+002
  1.2890999e+002  2.3395398e+002
  1.5463113e+002  2.2805567e+002
  1.7734742e+002  2.1911824e+002
  1.9707601e+002  2.0411971e+002
  2.0930104e+002  1.8001238e+002
  2.1397111e+002  1.5586221e+002
  2.1713876e+002  1.3019248e+002
  2.2483081e+002  1.0605945e+002
  2.2801560e+002  7.7367733e+001
  2.2512214e+002  5.4685713e+001
