  9.8440442e+001  5.7035804e+001
  8.7850392e+001  4.7978973e+001
  7.5757295e+001  4.6480956e+001
  6.5180655e+001  4.9515545e+001
  5.6117118e+001  5.4059885e+001
  6.3679285e+001  5.8585787e+001
  7.5772382e+001  6.0083804e+001
  8.7862126e+001  5.8558966e+001
  1.5587134e+002  5.3949249e+001
  1.6644462e+002  4.7891805e+001
  1.7853437e+002  4.6366967e+001
  1.9062914e+002  4.9376411e+001
  1.9667988e+002  5.3903989e+001
  1.9064088e+002  5.9956404e+001
  1.7855113e+002  6.1481242e+001
  1.6645636e+002  5.8471798e+001
  9.8401887e+001  2.2272970e+001
  8.1771155e+001  1.7757127e+001
  6.0611170e+001  1.7780595e+001
  4.8528131e+001  2.5351144e+001
  4.0977698e+001  3.1405235e+001
  4.4005582e+001  3.5936165e+001
  5.3069119e+001  3.1391825e+001
  6.5158863e+001  2.9866987e+001
  8.1784566e+001  2.9848547e+001
  9.6900518e+001  3.1343212e+001
  1.5885899e+002  2.2205918e+001
  1.7699109e+002  1.7651520e+001
  1.9361512e+002  1.6121653e+001
  2.0420349e+002  2.3667056e+001
  2.1176901e+002  3.1215812e+001
  2.0723976e+002  3.5755124e+001
  2.0118734e+002  2.9716119e+001
  1.9060400e+002  2.6704998e+001
  1.7700283e+002  2.8231512e+001
  1.6189190e+002  3.1271131e+001
  1.1959372e+002  5.0966625e+001
  1.1810576e+002  7.2128287e+001
  1.0905899e+002  9.1786903e+001
  1.0302669e+002  1.0388503e+002
  1.0908916e+002  1.1899260e+002
  1.2570984e+002  1.1443988e+002
  1.3780126e+002  1.1442647e+002
  1.5443199e+002  1.1894231e+002
  1.5895119e+002  1.0533443e+002
  1.4986418e+002  8.8718788e+001
  1.4077718e+002  7.2103143e+001
  1.4075538e+002  5.2454585e+001
  9.4021825e+001  1.6132933e+002
  1.0761462e+002  1.5224568e+002
  1.1667648e+002  1.4618991e+002
  1.3028268e+002  1.4919768e+002
  1.4086099e+002  1.4767452e+002
  1.5295744e+002  1.5219539e+002
  1.6355085e+002  1.6427508e+002
  1.5448899e+002  1.7033085e+002
  1.4240259e+002  1.7487854e+002
  1.3031117e+002  1.7489195e+002
  1.1821808e+002  1.7339393e+002
  1.0460852e+002  1.6736331e+002
  1.0460014e+002  1.5980617e+002
  1.1518013e+002  1.5979444e+002
  1.3029609e+002  1.6128910e+002
  1.4540868e+002  1.5976091e+002
  1.5296750e+002  1.6126396e+002
  1.4540868e+002  1.5976091e+002
  1.3029609e+002  1.6128910e+002
  1.1518013e+002  1.5979444e+002
  1.2282367e+001  5.1085643e+001
  1.2312540e+001  7.8291339e+001
  1.5363893e+001  1.0398225e+002
  2.1438100e+001  1.2966982e+002
  2.9025411e+001  1.5686713e+002
  3.9632225e+001  1.8103824e+002
  5.4769969e+001  2.0218146e+002
  7.4440319e+001  2.2180823e+002
  1.0014967e+002  2.3538258e+002
  1.2736040e+002  2.3988669e+002
  1.5304964e+002  2.3532391e+002
  1.7419454e+002  2.2169759e+002
  1.9079845e+002  2.0203059e+002
  2.0437448e+002  1.7783267e+002
  2.1341622e+002  1.5363977e+002
  2.1943343e+002  1.2793879e+002
  2.2545232e+002  1.0374925e+002
  2.3146954e+002  7.8048274e+001
  2.3295414e+002  5.3863757e+001
