  9.8261482e+001  5.7644028e+001
  8.7485100e+001  4.8817906e+001
  7.3789229e+001  4.4590902e+001
  6.1772989e+001  4.7882506e+001
  5.1334894e+001  5.4161255e+001
  6.2009790e+001  5.8455916e+001
  7.2650858e+001  6.1240090e+001
  8.4734755e+001  6.0969460e+001
  1.5562617e+002  5.4848052e+001
  1.6455377e+002  4.8603131e+001
  1.7650236e+002  4.2290553e+001
  1.9016440e+002  4.5007070e+001
  1.9936264e+002  5.0846046e+001
  1.8895837e+002  5.8635283e+001
  1.7845262e+002  6.1893058e+001
  1.6324626e+002  5.7699883e+001
  9.9027739e+001  2.4379482e+001
  8.2277065e+001  1.8709648e+001
  6.0994930e+001  1.3141301e+001
  5.0556835e+001  1.9420050e+001
  4.0152568e+001  2.7209287e+001
  4.1832198e+001  3.4727894e+001
  5.3882267e+001  3.2946777e+001
  6.5898507e+001  2.9655174e+001
  7.9526720e+001  3.0861203e+001
  9.6209736e+001  3.3510062e+001
  1.5646008e+002  2.4604480e+001
  1.7294012e+002  1.8190416e+001
  1.9704026e+002  1.4628183e+001
  2.0942862e+002  2.7951938e+001
  2.1721785e+002  3.8356205e+001
  2.1282171e+002  4.4499640e+001
  2.0355581e+002  3.5639689e+001
  1.9133660e+002  2.9868369e+001
  1.7321075e+002  3.0274313e+001
  1.5813971e+002  3.2123087e+001
  1.1625201e+002  5.1196136e+001
  1.1377230e+002  7.5431588e+001
  1.0806864e+002  9.0671774e+001
  1.0071917e+002  9.9903840e+001
  1.0555509e+002  1.1339674e+002
  1.2210279e+002  1.1000365e+002
  1.3422052e+002  1.1124351e+002
  1.5241402e+002  1.1385854e+002
  1.5667485e+002  1.0167315e+002
  1.4734130e+002  8.9792229e+001
  1.4092724e+002  7.3312185e+001
  1.3739883e+002  5.0722534e+001
  8.8511762e+001  1.6213827e+002
  1.0341366e+002  1.5273706e+002
  1.1838322e+002  1.4635683e+002
  1.3053477e+002  1.4910717e+002
  1.4104053e+002  1.4584940e+002
  1.5470257e+002  1.4856591e+002
  1.6853375e+002  1.5883487e+002
  1.5366568e+002  1.6974656e+002
  1.4168327e+002  1.7454865e+002
  1.2812272e+002  1.7636360e+002
  1.1298402e+002  1.7519140e+002
  1.0227529e+002  1.6938625e+002
  1.0059566e+002  1.6186764e+002
  1.1415622e+002  1.6005270e+002
  1.2922726e+002  1.5820392e+002
  1.4282164e+002  1.5789947e+002
  1.5796034e+002  1.5907167e+002
  1.4288930e+002  1.6092044e+002
  1.2929492e+002  1.6122490e+002
  1.1422387e+002  1.6307367e+002
  1.9547006e+001  5.1850682e+001
  1.8611606e+001  7.7562793e+001
  2.6739129e+001  1.0307193e+002
  2.8926189e+001  1.3324785e+002
  3.4066567e+001  1.6033513e+002
  4.3603091e+001  1.8127898e+002
  5.7704905e+001  2.0363183e+002
  7.4760037e+001  2.2289605e+002
  9.9232289e+001  2.3594917e+002
  1.2954352e+002  2.3980406e+002
  1.5360983e+002  2.3473134e+002
  1.7596268e+002  2.2062953e+002
  1.9371641e+002  2.0360822e+002
  2.0985817e+002  1.8208929e+002
  2.1837983e+002  1.5771852e+002
  2.2226855e+002  1.2891778e+002
  2.2776924e+002  1.0461467e+002
  2.3467893e+002  7.5746269e+001
  2.3259335e+002  5.0101816e+001
