  1.0314752e+002  5.1564181e+001
  9.7039604e+001  4.4226404e+001
  8.2074180e+001  4.1534783e+001
  6.8686461e+001  4.3286410e+001
  5.9886926e+001  5.0914057e+001
  6.8918357e+001  5.5212370e+001
  7.9411546e+001  5.7990952e+001
  9.1308519e+001  5.6268312e+001
  1.5389082e+002  5.3560116e+001
  1.6263239e+002  4.2950979e+001
  1.7447139e+002  3.8246849e+001
  1.8794607e+002  4.0967456e+001
  1.9709344e+002  5.1228750e+001
  1.8969769e+002  5.4355175e+001
  1.7785869e+002  5.9059305e+001
  1.6438401e+002  5.6338698e+001
  9.9441356e+001  1.4353529e+001
  8.2985186e+001  1.1690895e+001
  6.3721449e+001  1.8030705e+001
  4.9016907e+001  2.8755790e+001
  4.3256835e+001  3.9306953e+001
  4.6325286e+001  4.3721214e+001
  5.5066847e+001  3.3112077e+001
  6.6876860e+001  2.6917202e+001
  8.3188095e+001  2.2126110e+001
  9.6633787e+001  2.3355973e+001
  1.5313716e+002  1.4800745e+001
  1.6950637e+002  1.2991144e+001
  1.8596254e+002  1.5653778e+001
  2.0247669e+002  2.1297902e+001
  2.1010433e+002  3.0097437e+001
  2.0273757e+002  3.4714607e+001
  1.9516789e+002  2.8896562e+001
  1.8315497e+002  2.4656222e+001
  1.6821854e+002  2.3455346e+001
  1.5328210e+002  2.2254470e+001
  1.1948774e+002  4.8263835e+001
  1.1404653e+002  7.5213193e+001
  1.1290362e+002  9.3131121e+001
  1.0427801e+002  1.0970324e+002
  1.0898214e+002  1.2154224e+002
  1.2690007e+002  1.2268514e+002
  1.4031677e+002  1.2242426e+002
  1.5224273e+002  1.2219236e+002
  1.5797382e+002  1.1015045e+002
  1.4865252e+002  9.0944690e+001
  1.4684292e+002  7.4575481e+001
  1.4184892e+002  4.7829031e+001
  9.1875845e+001  1.6214020e+002
  1.0663836e+002  1.5439660e+002
  1.1850635e+002  1.5118322e+002
  1.2897055e+002  1.5247105e+002
  1.4089651e+002  1.5223916e+002
  1.5285146e+002  1.5349801e+002
  1.6647107e+002  1.6367234e+002
  1.4869808e+002  1.6998316e+002
  1.3829185e+002  1.7167682e+002
  1.3083812e+002  1.7182175e+002
  1.2040291e+002  1.7202466e+002
  1.0537951e+002  1.6635155e+002
  1.0231106e+002  1.6193729e+002
  1.1721851e+002  1.6164742e+002
  1.2917346e+002  1.6290627e+002
  1.4408091e+002  1.6261640e+002
  1.5600687e+002  1.6238450e+002
  1.4408091e+002  1.6261640e+002
  1.3066420e+002  1.6287728e+002
  1.1572777e+002  1.6167641e+002
  1.9549849e+001  4.7224468e+001
  2.0071613e+001  7.4057879e+001
  2.5065613e+001  1.0080433e+002
  3.3041103e+001  1.2749281e+002
  3.9525847e+001  1.5421027e+002
  4.7501337e+001  1.8089874e+002
  5.8429330e+001  2.0603850e+002
  7.5262329e+001  2.2808082e+002
  9.9346145e+001  2.3954299e+002
  1.2775726e+002  2.4346447e+002
  1.5599446e+002  2.3844149e+002
  1.7368049e+002  2.2765843e+002
  1.8975983e+002  2.1094138e+002
  1.9826950e+002  1.8840628e+002
  2.0818295e+002  1.6136996e+002
  2.1365315e+002  1.3591135e+002
  2.1912335e+002  1.1045274e+002
  2.2304483e+002  8.2041618e+001
  2.2392685e+002  5.0706986e+001
