  1.0424051e+002  5.7127488e+001
  9.3648183e+001  4.9478216e+001
  8.1513391e+001  4.6377520e+001
  6.9347072e+001  4.9352103e+001
  5.8691689e+001  5.3853387e+001
  6.7780960e+001  5.8457137e+001
  7.9923633e+001  6.0039014e+001
  9.2074189e+001  6.0102070e+001
  1.5588037e+002  5.7395479e+001
  1.6351388e+002  4.9840792e+001
  1.7720690e+002  4.5355272e+001
  1.8934169e+002  4.8455968e+001
  1.9841520e+002  5.6097358e+001
  1.8927863e+002  6.0606523e+001
  1.7712020e+002  6.2062286e+001
  1.6497752e+002  6.0480410e+001
  9.8338637e+001  2.3681931e+001
  8.0136449e+001  1.9030888e+001
  5.8888741e+001  1.5882900e+001
  4.3669018e+001  2.1879357e+001
  3.7522802e+001  3.5517204e+001
  4.0544676e+001  3.8570607e+001
  4.9704886e+001  2.9504983e+001
  5.8833567e+001  2.6514636e+001
  7.8562455e+001  2.9654742e+001
  9.6772525e+001  3.2786966e+001
  1.4999426e+002  2.0912283e+001
  1.7128926e+002  1.4947355e+001
  1.9713284e+002  1.0524892e+001
  2.1380044e+002  1.8205692e+001
  2.1830961e+002  2.7342255e+001
  2.1372162e+002  3.3393887e+001
  2.0463235e+002  2.8790136e+001
  1.9401638e+002  2.5697322e+001
  1.7273714e+002  2.8624612e+001
  1.5449555e+002  3.1567666e+001
  1.1792565e+002  5.4160788e+001
  1.1477766e+002  7.5408496e+001
  1.0861568e+002  9.2083982e+001
  9.9416060e+001  1.0874370e+002
  1.0542040e+002  1.2244461e+002
  1.1909766e+002  1.2099673e+002
  1.3732349e+002  1.2109131e+002
  1.5250380e+002  1.2268895e+002
  1.5713908e+002  1.0752440e+002
  1.4659405e+002  9.0762214e+001
  1.4059759e+002  7.5542491e+001
  1.3918124e+002  5.5789956e+001
  8.5494458e+001  1.5727499e+002
  1.0070630e+002  1.5279735e+002
  1.1286474e+002  1.5134159e+002
  1.2803717e+002  1.5445805e+002
  1.4019561e+002  1.5300228e+002
  1.5081946e+002  1.5457628e+002
  1.6902953e+002  1.5770850e+002
  1.5530498e+002  1.6826930e+002
  1.4161196e+002  1.7275482e+002
  1.2794258e+002  1.7268388e+002
  1.1428109e+002  1.7109412e+002
  1.0064324e+002  1.6494790e+002
  9.4607375e+001  1.5732228e+002
  1.1282533e+002  1.5893568e+002
  1.2800564e+002  1.6053332e+002
  1.4472054e+002  1.5910121e+002
  1.5838203e+002  1.6069097e+002
  1.4472054e+002  1.5910121e+002
  1.2800564e+002  1.6053332e+002
  1.1282533e+002  1.5893568e+002
  2.0744849e+001  4.9099876e+001
  1.6030749e+001  7.9452619e+001
  1.8934392e+001  1.0528831e+002
  2.6402376e+001  1.2962884e+002
  3.0816957e+001  1.5699123e+002
  3.9803761e+001  1.8133964e+002
  5.4881606e+001  2.0268193e+002
  7.7585077e+001  2.1798836e+002
  1.0183890e+002  2.2722739e+002
  1.2611636e+002  2.3190996e+002
  1.5195206e+002  2.2900631e+002
  1.7630834e+002  2.1850069e+002
  1.9613970e+002  2.0189614e+002
  2.0992730e+002  1.7918479e+002
  2.1916633e+002  1.5493097e+002
  2.2689443e+002  1.2915045e+002
  2.3461464e+002  1.0488875e+002
  2.3626745e+002  7.9076702e+001
  2.3335593e+002  5.4759826e+001
