  1.0292787e+002  5.2025843e+001
  9.3939032e+001  4.6164799e+001
  8.0516471e+001  4.3325328e+001
  6.8642634e+001  4.6422776e+001
  6.1263217e+001  5.2450745e+001
  7.0221708e+001  5.5335741e+001
  8.0653047e+001  5.6717539e+001
  9.4030082e+001  5.5092940e+001
  1.5500869e+002  5.1494715e+001
  1.6387613e+002  4.5451571e+001
  1.7426195e+002  4.2369299e+001
  1.8618131e+002  4.3735922e+001
  1.9667335e+002  5.1069813e+001
  1.8628753e+002  5.4152086e+001
  1.7441370e+002  5.7249533e+001
  1.6247916e+002  5.4394887e+001
  1.0259402e+002  1.9289327e+001
  8.6119538e+001  9.0400890e+000
  6.2280813e+001  6.3068430e+000
  4.7521979e+001  1.8362781e+001
  4.0248788e+001  3.4806914e+001
  4.7704080e+001  3.6219063e+001
  5.3549949e+001  2.5742198e+001
  6.5393436e+001  1.9668704e+001
  8.1792043e+001  2.2477825e+001
  9.6732978e+001  2.8278168e+001
  1.5318682e+002  1.8773375e+001
  1.6952472e+002  1.5630402e+001
  1.9178438e+002  9.4506830e+000
  2.0674049e+002  1.6739049e+001
  2.1132596e+002  2.8597711e+001
  2.0543456e+002  3.4610505e+001
  2.0089462e+002  2.7215913e+001
  1.8747206e+002  2.4376442e+001
  1.7114932e+002  2.9007438e+001
  1.5628427e+002  3.0647212e+001
  1.1331369e+002  4.8943570e+001
  1.1059562e+002  7.4270319e+001
  1.0632882e+002  9.3660148e+001
  9.7552432e+001  1.0863143e+002
  9.7704182e+001  1.2351167e+002
  1.1715471e+002  1.3373056e+002
  1.3353814e+002  1.3505165e+002
  1.5572192e+002  1.2143182e+002
  1.5557017e+002  1.0655158e+002
  1.4352941e+002  9.3280772e+001
  1.4035608e+002  7.3966817e+001
  1.3712206e+002  4.8700769e+001
  8.7697745e+001  1.6379452e+002
  9.9556407e+001  1.5920905e+002
  1.1443664e+002  1.5905730e+002
  1.2637118e+002  1.6191195e+002
  1.3675699e+002  1.5882968e+002
  1.5314042e+002  1.6015078e+002
  1.6507496e+002  1.6300542e+002
  1.5178898e+002  1.7355816e+002
  1.3850299e+002  1.8411090e+002
  1.2661398e+002  1.8572032e+002
  1.1320659e+002  1.8436888e+002
  1.0121136e+002  1.7556214e+002
  9.6641061e+001  1.6519150e+002
  1.1004845e+002  1.6654295e+002
  1.2643188e+002  1.6786404e+002
  1.3980892e+002  1.6623944e+002
  1.5318595e+002  1.6461485e+002
  1.4137281e+002  1.7366439e+002
  1.2652293e+002  1.7679218e+002
  1.1012432e+002  1.7398306e+002
  2.9969200e+001  4.8305351e+001
  3.1715199e+001  7.3586574e+001
  3.4949222e+001  9.8852622e+001
  4.2632141e+001  1.2258512e+002
  5.0330234e+001  1.4780564e+002
  5.9501175e+001  1.7152297e+002
  7.1648164e+001  1.9520994e+002
  8.5252826e+001  2.1590570e+002
  1.0476406e+002  2.3207668e+002
  1.3015150e+002  2.4074684e+002
  1.5239598e+002  2.3307910e+002
  1.7306138e+002  2.1649839e+002
  1.9072039e+002  1.9697198e+002
  2.0239695e+002  1.7453023e+002
  2.1257031e+002  1.5061563e+002
  2.1824925e+002  1.2377051e+002
  2.2247052e+002  9.9916610e+001
  2.2667662e+002  7.4574687e+001
  2.2790667e+002  4.9263113e+001
