  1.0147651e+002  5.0815346e+001
  9.2603199e+001  4.4559009e+001
  8.0641045e+001  4.1234227e+001
  7.0066023e+001  4.2464068e+001
  6.0878132e+001  4.8248531e+001
  6.8324986e+001  5.1455345e+001
  7.8821363e+001  5.3235704e+001
  9.2367262e+001  5.3589609e+001
  1.5110548e+002  5.3618097e+001
  1.6033270e+002  4.6328534e+001
  1.7245214e+002  4.3632916e+001
  1.8441430e+002  4.6957698e+001
  1.9332693e+002  5.1708934e+001
  1.8421768e+002  5.4483198e+001
  1.7213756e+002  5.5673715e+001
  1.6009676e+002  5.5359133e+001
  1.0978846e+002  2.0909961e+001
  9.1766586e+001  1.8932987e+001
  6.4792755e+001  1.3709878e+001
  4.9584465e+001  1.9337050e+001
  3.5723983e+001  3.1023945e+001
  4.0042669e+001  3.8667413e+001
  5.0774983e+001  3.1417172e+001
  6.6022596e+001  2.4284900e+001
  9.0064872e+001  2.6419164e+001
  1.0947388e+002  3.2950760e+001
  1.4290066e+002  2.1775061e+001
  1.6856601e+002  1.9433348e+001
  1.8825027e+002  1.5429244e+001
  2.0163888e+002  2.1803549e+001
  2.1047287e+002  2.9564985e+001
  2.0730538e+002  3.5506740e+001
  1.9839275e+002  3.0755503e+001
  1.8639127e+002  2.8935821e+001
  1.6975652e+002  3.1513471e+001
  1.4559628e+002  3.3894506e+001
  1.1656683e+002  4.9703473e+001
  1.1435392e+002  7.6755950e+001
  1.0778300e+002  9.7670058e+001
  9.6814752e+001  1.1395090e+002
  1.0394702e+002  1.2919851e+002
  1.1757157e+002  1.2654222e+002
  1.3713787e+002  1.2705341e+002
  1.5519907e+002  1.2752529e+002
  1.5860250e+002  1.1255293e+002
  1.4838138e+002  1.0023687e+002
  1.3847484e+002  7.5880014e+001
  1.3617245e+002  4.8709569e+001
  8.6643792e+001  1.5736286e+002
  1.0177344e+002  1.5474589e+002
  1.1531934e+002  1.5509979e+002
  1.2878659e+002  1.5846390e+002
  1.4090604e+002  1.5576828e+002
  1.5591771e+002  1.5766661e+002
  1.6791919e+002  1.5948629e+002
  1.5710823e+002  1.6974673e+002
  1.4332639e+002  1.7842342e+002
  1.2669165e+002  1.8100107e+002
  1.1472950e+002  1.7767629e+002
  1.0138021e+002  1.6979689e+002
  1.0011105e+002  1.6072697e+002
  1.1666715e+002  1.6115952e+002
  1.2866862e+002  1.6297920e+002
  1.4078807e+002  1.6028358e+002
  1.6031504e+002  1.6229987e+002
  1.4217520e+002  1.6483820e+002
  1.2855065e+002  1.6749450e+002
  1.1658850e+002  1.6416972e+002
  2.4834379e+001  4.4294585e+001
  2.1116369e+001  7.1307739e+001
  2.1952982e+001  9.6933760e+001
  2.5760472e+001  1.2414353e+002
  2.9528640e+001  1.5285840e+002
  3.9435175e+001  1.7721525e+002
  5.6906533e+001  2.0026363e+002
  7.6040282e+001  2.1733092e+002
  1.0135172e+002  2.2853511e+002
  1.2983065e+002  2.3379754e+002
  1.5707974e+002  2.2848495e+002
  1.7993150e+002  2.1853909e+002
  2.0151410e+002  1.9952331e+002
  2.1557119e+002  1.8031092e+002
  2.2380450e+002  1.5341573e+002
  2.2890964e+002  1.3095720e+002
  2.3112255e+002  1.0390472e+002
  2.3183036e+002  7.6812925e+001
  2.3099375e+002  5.1186903e+001
