  1.0125726e+002  5.3035737e+001
  9.0774306e+001  4.3911290e+001
  7.8726709e+001  4.2312296e+001
  6.6644758e+001  4.5235445e+001
  5.7543214e+001  5.2703640e+001
  6.6564597e+001  5.5787112e+001
  8.0108123e+001  5.8904938e+001
  9.2178622e+001  5.7489170e+001
  1.5250822e+002  5.3425091e+001
  1.6011383e+002  4.4438063e+001
  1.7370317e+002  4.1526366e+001
  1.9025000e+002  4.6174476e+001
  1.9774110e+002  5.2261258e+001
  1.8866246e+002  5.6714692e+001
  1.7658051e+002  5.9637841e+001
  1.6304843e+002  5.5012633e+001
  1.0147484e+002  2.4395498e+001
  8.1913245e+001  1.9724484e+001
  5.9325433e+001  1.6537948e+001
  4.8750863e+001  1.9472548e+001
  3.9672222e+001  2.3925982e+001
  4.2629726e+001  3.1485790e+001
  5.0178083e+001  3.0035667e+001
  6.0752653e+001  2.7101066e+001
  8.0325703e+001  3.0264699e+001
  1.0142904e+002  3.0425022e+001
  1.5424463e+002  2.3288923e+001
  1.7235611e+002  2.0411580e+001
  1.9198641e+002  1.6038307e+001
  2.0552994e+002  1.9156134e+001
  2.1300959e+002  2.6750297e+001
  2.0844164e+002  3.2745466e+001
  2.0243502e+002  2.9684898e+001
  1.9038742e+002  2.8085904e+001
  1.7529071e+002  3.0986150e+001
  1.5568330e+002  3.2344660e+001
  1.1636543e+002  4.8628110e+001
  1.1316744e+002  7.2723303e+001
  1.0849643e+002  9.2284901e+001
  9.7807341e+001  1.1029331e+002
  1.0372235e+002  1.2541293e+002
  1.2631016e+002  1.2859947e+002
  1.3535445e+002  1.2866817e+002
  1.5799952e+002  1.2431781e+002
  1.5812548e+002  1.0773661e+002
  1.4767688e+002  9.4090024e+001
  1.4331506e+002  7.2952335e+001
  1.3897614e+002  4.8799884e+001
  9.2884391e+001  1.6301729e+002
  1.0651953e+002  1.5407607e+002
  1.1861293e+002  1.4964554e+002
  1.2763432e+002  1.5272901e+002
  1.4122365e+002  1.4981732e+002
  1.5175241e+002  1.5291224e+002
  1.6525013e+002  1.6205959e+002
  1.5612568e+002  1.7254255e+002
  1.4402083e+002  1.7848046e+002
  1.2891267e+002  1.8288808e+002
  1.1688797e+002  1.7827433e+002
  1.0336735e+002  1.7214174e+002
  9.8925367e+001  1.6155572e+002
  1.1550656e+002  1.6168169e+002
  1.2754270e+002  1.6478806e+002
  1.4262796e+002  1.6339520e+002
  1.5619439e+002  1.6349826e+002
  1.4262796e+002  1.6339520e+002
  1.2754270e+002  1.6478806e+002
  1.1549511e+002  1.6318907e+002
  1.8397114e+001  4.6376375e+001
  1.9709818e+001  7.2013304e+001
  2.4048735e+001  9.6165755e+001
  2.9860679e+001  1.2485180e+002
  3.5684074e+001  1.5203046e+002
  4.7559897e+001  1.7624017e+002
  6.2461933e+001  1.9896541e+002
  8.0401634e+001  2.1869878e+002
  1.0288638e+002  2.3545174e+002
  1.2997343e+002  2.4168740e+002
  1.5564472e+002  2.3585255e+002
  1.7536664e+002  2.1942023e+002
  1.9058932e+002  1.9993879e+002
  2.0432752e+002  1.7743114e+002
  2.1353213e+002  1.5639652e+002
  2.1824895e+002  1.3080539e+002
  2.2148129e+002  1.0218806e+002
  2.2618666e+002  7.8104316e+001
  2.2790017e+002  5.0982909e+001
