  1.0323328e+002  5.3434989e+001
  9.5829835e+001  4.5910229e+001
  8.3911537e+001  4.2827535e+001
  7.3449664e+001  4.4235434e+001
  6.4444216e+001  5.0133924e+001
  7.1871922e+001  5.4673043e+001
  8.2309531e+001  5.6250785e+001
  9.5757044e+001  5.4867150e+001
  1.5549411e+002  5.2366778e+001
  1.6451169e+002  4.4975467e+001
  1.7498570e+002  4.2074749e+001
  1.8541118e+002  4.5145311e+001
  1.9430744e+002  5.2682202e+001
  1.8532625e+002  5.5595052e+001
  1.7486438e+002  5.7002951e+001
  1.6442677e+002  5.5425209e+001
  9.9033846e+001  1.9063730e+001
  8.1132135e+001  1.7425329e+001
  5.1275732e+001  1.7182695e+001
  4.2233889e+001  2.7559646e+001
  3.4672735e+001  3.9441549e+001
  3.9126932e+001  4.2463584e+001
  4.8132380e+001  3.6565094e+001
  5.7137827e+001  3.0666603e+001
  7.8049441e+001  2.9343627e+001
  9.8948924e+001  2.9513471e+001
  1.5428032e+002  1.8019783e+001
  1.7371125e+002  1.5191854e+001
  1.9613995e+002  1.0895369e+001
  2.0952680e+002  1.6975835e+001
  2.1542529e+002  2.5981283e+001
  2.1088617e+002  3.3408989e+001
  2.0347060e+002  2.7377050e+001
  1.9302086e+002  2.7292128e+001
  1.7509488e+002  2.8639368e+001
  1.5716891e+002  2.9986607e+001
  1.1521223e+002  4.9053582e+001
  1.1504239e+002  6.9953064e+001
  1.0742058e+002  8.9299068e+001
  9.8354470e+001  1.0266166e+002
  9.9713842e+001  1.1909481e+002
  1.1907198e+002  1.2522381e+002
  1.3698582e+002  1.2536939e+002
  1.6093160e+002  1.1809939e+002
  1.6104079e+002  1.0466401e+002
  1.4921954e+002  8.9638755e+001
  1.4192528e+002  6.8678615e+001
  1.4057804e+002  5.0752641e+001
  8.8924413e+001  1.6080885e+002
  1.0242045e+002  1.5345394e+002
  1.1738505e+002  1.4909680e+002
  1.2781053e+002  1.5216736e+002
  1.3977735e+002  1.4927877e+002
  1.5020283e+002  1.5234933e+002
  1.6656319e+002  1.5994688e+002
  1.5744856e+002  1.7928076e+002
  1.4241117e+002  1.9259482e+002
  1.2745871e+002  1.9545914e+002
  1.1107408e+002  1.9084723e+002
  9.9216442e+001  1.8030044e+002
  9.9349890e+001  1.6387942e+002
  1.1581944e+002  1.5804159e+002
  1.2774987e+002  1.5963146e+002
  1.4119738e+002  1.5824782e+002
  1.5458424e+002  1.6432829e+002
  1.4258102e+002  1.7169534e+002
  1.2762855e+002  1.7455966e+002
  1.1272461e+002  1.7145270e+002
  3.1638567e+001  4.5388566e+001
  3.1432328e+001  7.0766509e+001
  3.2706778e+001  9.7649403e+001
  3.6979000e+001  1.2306374e+002
  4.2744041e+001  1.4849021e+002
  5.0001903e+001  1.7392881e+002
  6.1750357e+001  1.9791099e+002
  7.9506487e+001  2.1746323e+002
  1.0324603e+002  2.3557118e+002
  1.2859971e+002  2.3876306e+002
  1.5104054e+002  2.3297376e+002
  1.7056852e+002  2.1820326e+002
  1.8861581e+002  2.0192782e+002
  2.0223317e+002  1.7964471e+002
  2.1140846e+002  1.5284673e+002
  2.1458820e+002  1.2898587e+002
  2.1928503e+002  1.0215151e+002
  2.2098409e+002  7.6785696e+001
  2.1969751e+002  5.1395621e+001
