  1.0222009e+002  5.2809876e+001
  9.3129861e+001  4.6859107e+001
  8.2570876e+001  4.5440830e+001
  7.2049753e+001  4.8542423e+001
  6.4554499e+001  5.3125398e+001
  7.2112858e+001  5.6075540e+001
  8.1165219e+001  5.7506438e+001
  9.3205586e+001  5.5898848e+001
  1.5193866e+002  5.2393387e+001
  1.6091529e+002  4.4784545e+001
  1.7446229e+002  4.3164333e+001
  1.8504651e+002  4.7595857e+001
  1.9112349e+002  5.3571868e+001
  1.8361561e+002  5.6648219e+001
  1.7308187e+002  5.8243188e+001
  1.6402951e+002  5.6812290e+001
  1.0804464e+002  2.8653417e+001
  9.1408682e+001  2.1259130e+001
  5.6743722e+001  2.0042787e+001
  4.6247842e+001  2.6157626e+001
  3.8777829e+001  3.3753848e+001
  4.1854180e+001  4.1261723e+001
  5.0843437e+001  3.5159504e+001
  6.1351939e+001  3.0551288e+001
  8.8471161e+001  3.0324112e+001
  1.0508188e+002  3.4705153e+001
  1.5320549e+002  2.3754921e+001
  1.6974048e+002  1.9096221e+001
  1.9683446e+002  1.5855798e+001
  2.0743131e+002  2.1793946e+001
  2.1202690e+002  3.0795824e+001
  2.0905152e+002  3.5340936e+001
  2.0148054e+002  3.0884170e+001
  1.9390956e+002  2.6427404e+001
  1.7132283e+002  2.8123341e+001
  1.5326859e+002  3.1288038e+001
  1.1727370e+002  5.1177044e+001
  1.1594377e+002  7.2282393e+001
  1.0858734e+002  9.3438225e+001
  9.9661189e+001  1.0707356e+002
  1.0881452e+002  1.2055745e+002
  1.2537475e+002  1.1891199e+002
  1.3741512e+002  1.1730440e+002
  1.5251922e+002  1.2169807e+002
  1.5690026e+002  1.0508735e+002
  1.4624031e+002  9.1616080e+001
  1.4006236e+002  7.3587082e+001
  1.3836643e+002  5.1000351e+001
  8.7999449e+001  1.5387985e+002
  1.0302782e+002  1.4923378e+002
  1.1503033e+002  1.4310632e+002
  1.2712117e+002  1.4752522e+002
  1.4065554e+002  1.4439838e+002
  1.5122715e+002  1.4732329e+002
  1.6786311e+002  1.5471757e+002
  1.4835273e+002  1.6392138e+002
  1.3632499e+002  1.6703560e+002
  1.2879187e+002  1.6709870e+002
  1.1672626e+002  1.6569305e+002
  1.0463541e+002  1.6127414e+002
  1.0157168e+002  1.5527289e+002
  1.1359943e+002  1.5215868e+002
  1.2867828e+002  1.5353909e+002
  1.4222527e+002  1.5191888e+002
  1.5581013e+002  1.5481854e+002
  1.4379500e+002  1.5943938e+002
  1.2874139e+002  1.6107221e+002
  1.1366253e+002  1.5969179e+002
  1.6304686e+001  4.9009396e+001
  1.6544483e+001  7.7635241e+001
  1.8278282e+001  1.0474184e+002
  2.1543946e+001  1.3484907e+002
  2.7810237e+001  1.6342443e+002
  3.7051911e+001  1.8745468e+002
  5.2307459e+001  2.0992782e+002
  7.5058261e+001  2.2781799e+002
  1.0077183e+002  2.3965642e+002
  1.2792891e+002  2.4394912e+002
  1.5652952e+002  2.4069608e+002
  1.8054714e+002  2.2994778e+002
  1.9696855e+002  2.1172947e+002
  2.1032623e+002  1.8750990e+002
  2.1915141e+002  1.6182158e+002
  2.2344411e+002  1.3466449e+002
  2.2924343e+002  1.0749479e+002
  2.3353612e+002  8.0337705e+001
  2.3479033e+002  5.0192615e+001
