  1.0156927e+002  5.3990579e+001
  9.0890763e+001  4.3347801e+001
  7.5658725e+001  4.1850371e+001
  6.1957290e+001  4.4919235e+001
  5.2832357e+001  5.2549290e+001
  6.1975153e+001  5.5579876e+001
  7.5684243e+001  5.7079858e+001
  8.9390781e+001  5.7056891e+001
  1.5639542e+002  5.3898713e+001
  1.6399485e+002  4.4748261e+001
  1.7921668e+002  4.0153897e+001
  1.9597678e+002  4.4694672e+001
  2.0360172e+002  5.0773708e+001
  1.9294874e+002  5.5360417e+001
  1.8076770e+002  5.6903780e+001
  1.6553566e+002  5.5406350e+001
  1.1066868e+002  3.1131038e+001
  8.7814244e+001  2.5077521e+001
  6.4957254e+001  1.7501055e+001
  4.5164025e+001  2.0580126e+001
  3.1480453e+001  3.4309631e+001
  3.7587559e+001  4.3437116e+001
  4.8237993e+001  3.7327458e+001
  6.6505721e+001  3.2727990e+001
  8.3265812e+001  3.7268766e+001
  1.0917380e+002  4.7886025e+001
  1.4417100e+002  2.9551948e+001
  1.7005092e+002  2.3416772e+001
  2.0049458e+002  1.4228043e+001
  2.1421388e+002  2.1819820e+001
  2.2336944e+002  3.2465149e+001
  2.1577000e+002  4.1615601e+001
  2.0662210e+002  3.5539117e+001
  1.9443341e+002  3.2513635e+001
  1.7159684e+002  3.7120758e+001
  1.4572457e+002  4.7824781e+001
  1.1374775e+002  5.0924267e+001
  1.1226308e+002  7.3771049e+001
  1.0620446e+002  9.3579590e+001
  9.5571891e+001  1.1034989e+002
  1.0168665e+002  1.2404622e+002
  1.1996204e+002  1.2401560e+002
  1.3823742e+002  1.2398497e+002
  1.5346946e+002  1.2548241e+002
  1.5801789e+002  1.1329116e+002
  1.4732663e+002  9.5033638e+001
  1.3967616e+002  7.3725116e+001
  1.3811238e+002  4.9360489e+001
  8.3462305e+001  1.5453582e+002
  9.8681584e+001  1.4841850e+002
  1.1238302e+002  1.4534964e+002
  1.2762016e+002  1.4989297e+002
  1.4284455e+002  1.4682155e+002
  1.5960719e+002  1.5288527e+002
  1.6875253e+002  1.5743881e+002
  1.5810721e+002  1.6659436e+002
  1.4593893e+002  1.7575247e+002
  1.2919160e+002  1.7882644e+002
  1.0939071e+002  1.7733666e+002
  9.5668861e+001  1.6822194e+002
  9.5650998e+001  1.5756130e+002
  1.1240088e+002  1.5601028e+002
  1.2763292e+002  1.5750771e+002
  1.4743125e+002  1.5747453e+002
  1.6114034e+002  1.5897452e+002
  1.4743636e+002  1.6052043e+002
  1.2764058e+002  1.6207656e+002
  1.1088559e+002  1.6058168e+002
  1.6281589e+001  5.2610534e+001
  1.3279073e+001  7.8505766e+001
  1.3322454e+001  1.0439589e+002
  1.6411733e+001  1.3028092e+002
  2.4069858e+001  1.5615829e+002
  3.7812122e+001  1.7745660e+002
  5.6115577e+001  1.9417841e+002
  7.5944532e+001  2.1242062e+002
  9.7286228e+001  2.2456849e+002
  1.2775541e+002  2.3060925e+002
  1.5516083e+002  2.2599447e+002
  1.7645659e+002  2.1072925e+002
  1.9622686e+002  1.9394364e+002
  2.1447417e+002  1.7716059e+002
  2.2509398e+002  1.5277554e+002
  2.2961945e+002  1.2687776e+002
  2.3261941e+002  9.9459581e+001
  2.3562193e+002  7.3564349e+001
  2.3406070e+002  5.0722671e+001
