  9.8690086e+001  5.4947499e+001
  8.9704402e+001  4.5632280e+001
  7.6033648e+001  4.2334978e+001
  6.2198126e+001  4.8188128e+001
  5.1385293e+001  5.5621275e+001
  6.2005897e+001  5.8863654e+001
  7.5704113e+001  6.0635881e+001
  8.9512173e+001  5.6307807e+001
  1.5511787e+002  5.5963566e+001
  1.6135548e+002  4.8448035e+001
  1.7516354e+002  4.4119960e+001
  1.9033191e+002  4.8969799e+001
  1.9934505e+002  5.6759942e+001
  1.9013968e+002  5.9645325e+001
  1.7793908e+002  5.9425635e+001
  1.6424086e+002  5.7653409e+001
  1.0985992e+002  2.7688374e+001
  8.8756014e+001  1.3578239e+001
  5.9916891e+001  5.4310990e+000
  4.2893912e+001  1.8854702e+001
  3.1971234e+001  3.2388150e+001
  3.3249158e+001  4.6141288e+001
  4.7167064e+001  3.5712913e+001
  6.4080198e+001  2.8389611e+001
  8.5431251e+001  2.8774069e+001
  1.0514738e+002  3.5231366e+001
  1.4349395e+002  2.3717296e+001
  1.6656231e+002  1.3453689e+001
  1.9112828e+002  4.7426180e+000
  2.0915457e+002  2.0322905e+001
  2.1952802e+002  3.7290961e+001
  2.1631311e+002  4.6386490e+001
  2.0122712e+002  3.6961426e+001
  1.8766621e+002  2.7563823e+001
  1.6931039e+002  3.0284438e+001
  1.5092710e+002  3.4530129e+001
  1.1554830e+002  5.0674347e+001
  1.1519130e+002  7.0500325e+001
  1.1183908e+002  8.7221230e+001
  9.7838787e+001  1.0222483e+002
  1.0053194e+002  1.2210573e+002
  1.1891523e+002  1.1786004e+002
  1.3724359e+002  1.1666450e+002
  1.5698719e+002  1.2159672e+002
  1.5884179e+002  1.0332328e+002
  1.4539073e+002  8.7825378e+001
  1.4264265e+002  7.0994628e+001
  1.4144712e+002  5.2666264e+001
  8.9087499e+001  1.6461561e+002
  1.0295048e+002  1.5723738e+002
  1.1531585e+002  1.4830662e+002
  1.2746153e+002  1.5157646e+002
  1.4279467e+002  1.4727585e+002
  1.5638304e+002  1.5514838e+002
  1.6999887e+002  1.6149583e+002
  1.5308574e+002  1.6881913e+002
  1.4232782e+002  1.7320213e+002
  1.2702215e+002  1.7597767e+002
  1.1335140e+002  1.7268036e+002
  9.8128105e+001  1.7088068e+002
  1.0284064e+002  1.6333768e+002
  1.1509616e+002  1.6050722e+002
  1.2882184e+002  1.6075438e+002
  1.4410005e+002  1.5950391e+002
  1.5779827e+002  1.6127614e+002
  1.4410005e+002  1.5950391e+002
  1.2882184e+002  1.6075438e+002
  1.1509616e+002  1.6050722e+002
  2.0966172e+001  5.0496824e+001
  2.2024406e+001  7.6450564e+001
  2.4580254e+001  1.0395684e+002
  2.8716099e+001  1.2844043e+002
  3.4377020e+001  1.5295148e+002
  4.3060630e+001  1.7904252e+002
  5.7954385e+001  1.9914311e+002
  7.5925753e+001  2.1777355e+002
  1.0013473e+002  2.2888846e+002
  1.2753116e+002  2.3243291e+002
  1.5204221e+002  2.2677199e+002
  1.7511056e+002  2.1650838e+002
  1.9823384e+002  2.0319462e+002
  2.1386905e+002  1.8211818e+002
  2.2495650e+002  1.5943428e+002
  2.2847349e+002  1.3356293e+002
  2.3199048e+002  1.0769157e+002
  2.3245733e+002  8.1765294e+001
  2.3139909e+002  5.5811554e+001
