  1.0109249e+002  5.2541681e+001
  9.1934610e+001  4.5196783e+001
  8.1386705e+001  4.3891344e+001
  6.9392377e+001  4.5619732e+001
  6.0488269e+001  5.1800174e+001
  6.9561556e+001  5.4636626e+001
  8.1612277e+001  5.5913868e+001
  9.2131987e+001  5.5716492e+001
  1.5522205e+002  5.3029420e+001
  1.6262334e+002  4.6877174e+001
  1.7158384e+002  4.3702364e+001
  1.8363456e+002  4.4979606e+001
  1.9273604e+002  4.9318874e+001
  1.8380374e+002  5.3996500e+001
  1.7331223e+002  5.5696692e+001
  1.6426714e+002  5.4363056e+001
  1.0648342e+002  1.9366952e+001
  8.8336851e+001  1.3694049e+001
  6.5738224e+001  1.1111367e+001
  4.7845420e+001  1.8963804e+001
  3.6020271e+001  2.9709086e+001
  4.0613308e+001  3.4132943e+001
  4.9517415e+001  2.7952501e+001
  6.5991993e+001  2.4636707e+001
  8.7087805e+001  2.7247586e+001
  1.0520618e+002  3.1417673e+001
  1.4263559e+002  2.3198681e+001
  1.6801427e+002  1.3702445e+001
  1.8599167e+002  1.0358455e+001
  2.0720027e+002  1.8980596e+001
  2.1791735e+002  2.9302929e+001
  2.1510910e+002  3.9879031e+001
  2.0291739e+002  3.1087710e+001
  1.8479901e+002  2.6917623e+001
  1.6826804e+002  2.7227785e+001
  1.4578220e+002  3.0656365e+001
  1.1456143e+002  4.9282281e+001
  1.1498438e+002  7.1824515e+001
  1.0939607e+002  9.4479535e+001
  1.0071754e+002  1.1268250e+002
  1.0545156e+002  1.2462044e+002
  1.1747408e+002  1.2439486e+002
  1.3250224e+002  1.2411290e+002
  1.4906140e+002  1.2530555e+002
  1.5479070e+002  1.1016461e+002
  1.4546364e+002  9.3802817e+001
  1.3902943e+002  7.1373369e+001
  1.3863468e+002  5.0333951e+001
  9.4105748e+001  1.6091358e+002
  1.0456906e+002  1.5771058e+002
  1.1500418e+002  1.5300475e+002
  1.2858592e+002  1.5575662e+002
  1.4205486e+002  1.5249721e+002
  1.5263097e+002  1.5530547e+002
  1.6473808e+002  1.5958834e+002
  1.5146651e+002  1.7336745e+002
  1.4108778e+002  1.8107891e+002
  1.2764703e+002  1.8584112e+002
  1.1253429e+002  1.8161464e+002
  1.0184540e+002  1.7279513e+002
  1.0471005e+002  1.6522465e+002
  1.1670438e+002  1.6349627e+002
  1.2875510e+002  1.6477351e+002
  1.3924661e+002  1.6307332e+002
  1.5274375e+002  1.6131673e+002
  1.4083401e+002  1.6755357e+002
  1.2886788e+002  1.7078477e+002
  1.1531435e+002  1.6953572e+002
  2.4336106e+001  4.7968445e+001
  2.4843644e+001  7.5019126e+001
  2.9803237e+001  9.8979586e+001
  3.4791025e+001  1.2444286e+002
  4.1309826e+001  1.5138075e+002
  5.2280681e+001  1.7522843e+002
  6.4726155e+001  1.9754509e+002
  8.0149063e+001  2.1830254e+002
  1.0152684e+002  2.3594158e+002
  1.2721569e+002  2.4297631e+002
  1.5415358e+002  2.3645751e+002
  1.7340822e+002  2.2106280e+002
  1.8954444e+002  1.9971322e+002
  2.0267503e+002  1.7842003e+002
  2.1572102e+002  1.5261840e+002
  2.2275576e+002  1.2692955e+002
  2.2678487e+002  1.0129709e+002
  2.3231679e+002  7.5636443e+001
  2.3334026e+002  5.0060381e+001
