  1.0356376e+002  5.4629737e+001
  9.2963593e+001  4.7119242e+001
  8.0870571e+001  4.4145075e+001
  6.7290465e+001  4.7217418e+001
  5.8252462e+001  5.3292804e+001
  6.7330891e+001  5.7788706e+001
  8.0928322e+001  5.9246915e+001
  9.3004019e+001  5.7690530e+001
  1.5642597e+002  5.5937794e+001
  1.6394802e+002  4.8357999e+001
  1.7601216e+002  4.3781247e+001
  1.8961537e+002  4.6749639e+001
  1.9870535e+002  5.4265909e+001
  1.9117175e+002  5.8825336e+001
  1.7758010e+002  5.8877311e+001
  1.6398267e+002  5.7419103e+001
  1.1250359e+002  2.2881223e+001
  9.2830767e+001  1.2385010e+001
  5.5070392e+001  1.1019202e+001
  4.1536487e+001  2.6173018e+001
  3.5553501e+001  4.1297958e+001
  4.1605787e+001  4.4295226e+001
  4.7606098e+001  3.3700838e+001
  5.9670245e+001  2.9124085e+001
  8.8357966e+001  2.7504175e+001
  1.0801346e+002  3.3469836e+001
  1.4270149e+002  2.1255538e+001
  1.5927886e+002  1.2130908e+001
  1.9701614e+002  7.4559800e+000
  2.1517877e+002  1.7957967e+001
  2.1674671e+002  3.3054032e+001
  2.1072330e+002  3.7607684e+001
  2.0615809e+002  2.8563906e+001
  1.9406507e+002  2.5589738e+001
  1.6991368e+002  2.8702507e+001
  1.4728402e+002  3.4829868e+001
  1.1864827e+002  5.0041434e+001
  1.1721316e+002  6.9679601e+001
  1.1425632e+002  8.6303176e+001
  1.0224992e+002  1.0598177e+002
  1.0532804e+002  1.2107206e+002
  1.2343293e+002  1.1647221e+002
  1.3702458e+002  1.1642023e+002
  1.5365971e+002  1.2239744e+002
  1.5812096e+002  1.0425791e+002
  1.4597596e+002  8.7692084e+001
  1.4138188e+002  7.1097385e+001
  1.3979662e+002  5.1470768e+001
  8.5851577e+001  1.6192210e+002
  1.0395068e+002  1.5581206e+002
  1.1753079e+002  1.5273972e+002
  1.2961804e+002  1.5420371e+002
  1.4320392e+002  1.5264155e+002
  1.5227657e+002  1.5562726e+002
  1.6740729e+002  1.6312043e+002
  1.5384451e+002  1.7072333e+002
  1.4177459e+002  1.7378990e+002
  1.2818293e+002  1.7384187e+002
  1.1459127e+002  1.7389385e+002
  1.0098229e+002  1.6941527e+002
  9.6428640e+001  1.6339186e+002
  1.1303489e+002  1.6181815e+002
  1.2813673e+002  1.6176040e+002
  1.4172839e+002  1.6170843e+002
  1.5684178e+002  1.6467104e+002
  1.4174571e+002  1.6623898e+002
  1.2815405e+002  1.6629095e+002
  1.1304644e+002  1.6483852e+002
  2.3512454e+001  5.1915447e+001
  2.2094671e+001  7.6084166e+001
  2.2192847e+001  1.0175729e+002
  2.2302573e+001  1.3045079e+002
  2.8447260e+001  1.5761100e+002
  3.7600765e+001  1.8173930e+002
  5.5798048e+001  2.0130239e+002
  7.7004150e+001  2.1783356e+002
  1.0121329e+002  2.2982263e+002
  1.2841971e+002  2.3575942e+002
  1.5255955e+002  2.2962628e+002
  1.7516034e+002  2.1594800e+002
  1.9171461e+002  2.0078263e+002
  2.0824578e+002  1.7957653e+002
  2.1722026e+002  1.5688912e+002
  2.2164109e+002  1.2817830e+002
  2.2607346e+002  1.0248785e+002
  2.2749124e+002  7.8319127e+001
  2.2588289e+002  5.2651774e+001
