  1.0192192e+002  5.1893348e+001
  9.4322184e+001  4.4409905e+001
  8.0724061e+001  4.1497935e+001
  6.8680775e+001  4.4607608e+001
  5.9677385e+001  5.0710659e+001
  6.8762183e+001  5.5165835e+001
  8.0840357e+001  5.6581117e+001
  9.2895273e+001  5.4979762e+001
  1.5774132e+002  5.2971370e+001
  1.6523639e+002  4.6879950e+001
  1.7726805e+002  4.2261958e+001
  1.8934623e+002  4.3677240e+001
  1.9843102e+002  4.8132416e+001
  1.8942763e+002  5.4235466e+001
  1.7889267e+002  5.7333510e+001
  1.6681449e+002  5.5918229e+001
  1.0475248e+002  2.7736998e+001
  8.9611155e+001  2.0311704e+001
  6.5454806e+001  1.7481141e+001
  5.1926461e+001  2.3619080e+001
  3.9918064e+001  3.1253708e+001
  4.2992849e+001  3.8772039e+001
  5.3516187e+001  3.4165678e+001
  6.7056161e+001  2.9536057e+001
  8.6675926e+001  3.0893190e+001
  1.0479900e+002  3.3770271e+001
  1.4545381e+002  2.4406362e+001
  1.6501543e+002  1.8221905e+001
  1.8911363e+002  1.3510877e+001
  2.0424333e+002  1.9427853e+001
  2.1335139e+002  2.6899666e+001
  2.0884970e+002  2.9951191e+001
  2.0128484e+002  2.6992703e+001
  1.8620166e+002  2.7108999e+001
  1.6660516e+002  2.8768502e+001
  1.5004855e+002  3.3421382e+001
  1.1698184e+002  4.8760415e+001
  1.1715629e+002  7.1385187e+001
  1.1280578e+002  9.4044848e+001
  9.9347211e+001  1.0923270e+002
  1.0249177e+002  1.2580094e+002
  1.2206502e+002  1.2112480e+002
  1.3563988e+002  1.2102013e+002
  1.5528291e+002  1.2539390e+002
  1.5665167e+002  1.0728245e+002
  1.4597715e+002  9.2280679e+001
  1.4128938e+002  7.1199114e+001
  1.4112656e+002  5.0082660e+001
  8.6167755e+001  1.6062018e+002
  1.0121605e+002  1.5597893e+002
  1.1777266e+002  1.5132605e+002
  1.2835414e+002  1.5426128e+002
  1.4039743e+002  1.5115160e+002
  1.5249886e+002  1.5558352e+002
  1.6912525e+002  1.5998055e+002
  1.5262679e+002  1.7217502e+002
  1.3908682e+002  1.7680464e+002
  1.3004854e+002  1.7838274e+002
  1.1494209e+002  1.7548240e+002
  1.0282903e+002  1.6954216e+002
  9.5240923e+001  1.6356704e+002
  1.1483743e+002  1.6190754e+002
  1.2841229e+002  1.6180287e+002
  1.4348384e+002  1.6017825e+002
  1.6008697e+002  1.6155865e+002
  1.4350710e+002  1.6319489e+002
  1.2844718e+002  1.6632782e+002
  1.1486069e+002  1.6492417e+002
  2.0437854e+001  4.7996392e+001
  2.0647187e+001  7.5146119e+001
  2.0856520e+001  1.0229585e+002
  2.4082489e+001  1.2942231e+002
  2.7308459e+001  1.5654878e+002
  3.8052759e+001  1.8060046e+002
  5.4818703e+001  2.0309731e+002
  7.6063083e+001  2.1952599e+002
  1.0030084e+002  2.3291478e+002
  1.2749708e+002  2.3873872e+002
  1.5159529e+002  2.3402769e+002
  1.7410376e+002  2.1877007e+002
  1.9357234e+002  2.0051907e+002
  2.0849271e+002  1.7928632e+002
  2.1888812e+002  1.5808846e+002
  2.2319211e+002  1.2939552e+002
  2.2599942e+002  1.0222254e+002
  2.2881835e+002  7.6557869e+001
  2.3011733e+002  4.9396513e+001
