  1.0011974e+002  5.6216442e+001
  8.8016948e+001  4.8523251e+001
  7.4359291e+001  4.5378748e+001
  5.9135178e+001  4.8303028e+001
  4.9968257e+001  5.4313856e+001
  5.9054043e+001  5.8943680e+001
  7.4231793e+001  6.2099773e+001
  8.9444315e+001  6.0695587e+001
  1.5332300e+002  5.6622117e+001
  1.6401001e+002  5.0622879e+001
  1.7621712e+002  4.4635233e+001
  1.8987478e+002  4.7779735e+001
  2.0349766e+002  5.5484517e+001
  1.9130215e+002  5.9952071e+001
  1.7759813e+002  6.2887941e+001
  1.6546056e+002  5.9755029e+001
  1.0488865e+002  2.8889538e+001
  8.5185394e+001  2.1138393e+001
  5.6349987e+001  1.4837797e+001
  4.4131289e+001  2.2345537e+001
  3.3409502e+001  3.2905054e+001
  3.7923419e+001  3.9020199e+001
  4.7078750e+001  3.4529464e+001
  6.0805951e+001  2.8553408e+001
  8.0555571e+001  3.0224180e+001
  1.0028201e+002  3.4935138e+001
  1.5049145e+002  2.9237259e+001
  1.7184229e+002  2.0278970e+001
  1.9619856e+002  1.5904142e+001
  2.0983303e+002  2.2088831e+001
  2.1889564e+002  2.9758841e+001
  2.1425422e+002  4.0364721e+001
  2.0364834e+002  3.5723306e+001
  1.9000228e+002  3.1058711e+001
  1.7478975e+002  3.2462897e+001
  1.5347368e+002  3.6860906e+001
  1.1687554e+002  5.1783661e+001
  1.1672486e+002  7.1544871e+001
  1.1051699e+002  8.8219533e+001
  9.9783609e+001  1.0029914e+002
  1.0419321e+002  1.2009513e+002
  1.2244592e+002  1.1871412e+002
  1.3764685e+002  1.1883003e+002
  1.5434469e+002  1.2199771e+002
  1.5904406e+002  1.0379137e+002
  1.4698763e+002  9.0017803e+001
  1.4104635e+002  7.1730323e+001
  1.3967693e+002  5.1957521e+001
  8.8714101e+001  1.5646145e+002
  1.0242971e+002  1.5200549e+002
  1.1614532e+002  1.4754953e+002
  1.2676279e+002  1.5067085e+002
  1.3742663e+002  1.4771180e+002
  1.5106110e+002  1.5389649e+002
  1.6622726e+002  1.5857267e+002
  1.5247688e+002  1.6758892e+002
  1.4029295e+002  1.7053638e+002
  1.2661211e+002  1.7043206e+002
  1.1293128e+002  1.7032774e+002
  9.9285209e+001  1.6566315e+002
  9.9343162e+001  1.5806268e+002
  1.1303559e+002  1.5664691e+002
  1.2671643e+002  1.5675122e+002
  1.4039727e+002  1.5685554e+002
  1.5558661e+002  1.5849154e+002
  1.4038568e+002  1.5837563e+002
  1.2670484e+002  1.5827131e+002
  1.1302400e+002  1.5816700e+002
  1.6537798e+001  5.2538767e+001
  1.6352347e+001  7.6860257e+001
  1.9183901e+001  1.0424512e+002
  2.5067231e+001  1.3013306e+002
  3.2482246e+001  1.5451251e+002
  4.1405762e+001  1.8042363e+002
  5.7976108e+001  2.0031234e+002
  7.9141505e+001  2.1567554e+002
  1.0185018e+002  2.2801015e+002
  1.2917708e+002  2.3277906e+002
  1.5353334e+002  2.2840423e+002
  1.7794756e+002  2.1642894e+002
  1.9934477e+002  2.0139028e+002
  2.1772498e+002  1.8328825e+002
  2.2855108e+002  1.5904789e+002
  2.3484008e+002  1.3173258e+002
  2.3958581e+002  1.0744586e+002
  2.3979445e+002  8.0084184e+001
  2.3845980e+002  5.5751103e+001
