  1.0581914e+002  5.2568875e+001
  9.6860941e+001  4.5006295e+001
  8.4871962e+001  4.1927603e+001
  7.2844656e+001  4.4852983e+001
  6.2289622e+001  5.2290999e+001
  7.1276565e+001  5.5350526e+001
  8.4776143e+001  5.6937781e+001
  9.6793867e+001  5.5513419e+001
  1.5385171e+002  5.2875498e+001
  1.6139512e+002  4.6919336e+001
  1.7192141e+002  4.3984374e+001
  1.8241895e+002  4.5552466e+001
  1.9137715e+002  5.3115046e+001
  1.8234230e+002  5.7560608e+001
  1.7332661e+002  5.9004134e+001
  1.6282907e+002  5.7436043e+001
  1.0750221e+002  2.4059119e+001
  8.8036891e+001  1.6429465e+001
  6.8542824e+001  1.3302864e+001
  5.1974137e+001  2.2203569e+001
  4.2891374e+001  3.4154220e+001
  4.7365682e+001  3.8686019e+001
  5.7911134e+001  3.2749022e+001
  7.4451076e+001  2.8351370e+001
  8.9451671e+001  2.9948207e+001
  1.0444269e+002  3.3046062e+001
  1.4204478e+002  2.1277469e+001
  1.6158676e+002  1.6898981e+001
  1.8565096e+002  9.5472030e+000
  2.0213341e+002  1.4155658e+001
  2.1255429e+002  2.7731891e+001
  2.0952351e+002  3.2215781e+001
  2.0055573e+002  2.6154218e+001
  1.8704657e+002  2.6067980e+001
  1.6302071e+002  2.7415687e+001
  1.4649035e+002  3.0312321e+001
  1.1784644e+002  4.9643495e+001
  1.1621128e+002  7.0648162e+001
  1.1008264e+002  9.0123066e+001
  9.7949935e+001  1.0955964e+002
  1.0537837e+002  1.2161569e+002
  1.2040771e+002  1.1870948e+002
  1.3541789e+002  1.1880530e+002
  1.5340136e+002  1.2342333e+002
  1.5800023e+002  1.0844190e+002
  1.4610707e+002  9.0353032e+001
  1.4172858e+002  7.0811055e+001
  1.4035213e+002  5.1288242e+001
  9.0138223e+001  1.5754430e+002
  1.0516757e+002  1.5463808e+002
  1.1718529e+002  1.5321372e+002
  1.2768283e+002  1.5478181e+002
  1.3819954e+002  1.5334787e+002
  1.5169912e+002  1.5493513e+002
  1.6818157e+002  1.5954358e+002
  1.5462450e+002  1.6696243e+002
  1.4257803e+002  1.7288985e+002
  1.2904970e+002  1.7580564e+002
  1.1555012e+002  1.7421839e+002
  1.0207929e+002  1.6812808e+002
  1.0213678e+002  1.5912197e+002
  1.1413534e+002  1.6069965e+002
  1.2913594e+002  1.6229648e+002
  1.4415570e+002  1.6089129e+002
  1.5617342e+002  1.5946692e+002
  1.4415570e+002  1.6089129e+002
  1.2763492e+002  1.6228690e+002
  1.1413534e+002  1.6069965e+002
  2.1790888e+001  4.7529233e+001
  1.7115359e+001  7.4518807e+001
  1.6933302e+001  1.0303815e+002
  2.2774480e+001  1.2859377e+002
  3.0107094e+001  1.5566000e+002
  3.8931144e+001  1.8423683e+002
  5.2286993e+001  2.0833936e+002
  7.3176676e+001  2.2798673e+002
  1.0012792e+002  2.3866633e+002
  1.2863768e+002  2.4034941e+002
  1.5417415e+002  2.3751027e+002
  1.7827667e+002  2.2415442e+002
  1.9790488e+002  2.0626677e+002
  2.1004717e+002  1.8532918e+002
  2.1921617e+002  1.5986937e+002
  2.2539272e+002  1.3288937e+002
  2.2855765e+002  1.0739123e+002
  2.2873970e+002  7.8871897e+001
  2.2440912e+002  5.1824831e+001
