  9.7398626e+001  5.6328012e+001
  8.8225449e+001  4.8784833e+001
  7.6031022e+001  4.4302696e+001
  6.5416854e+001  4.8934049e+001
  5.7873675e+001  5.8107226e+001
  6.7026956e+001  6.2609259e+001
  7.9191541e+001  6.2529677e+001
  8.9825604e+001  6.0939470e+001
  1.5670097e+002  5.5940051e+001
  1.6578462e+002  4.9798072e+001
  1.7792931e+002  4.6677344e+001
  1.9011379e+002  4.9638909e+001
  1.9776639e+002  5.7192035e+001
  1.8867280e+002  6.1813441e+001
  1.7803874e+002  6.3403648e+001
  1.6737483e+002  6.0432136e+001
  1.0475280e+002  1.8263948e+001
  8.1934255e+001  1.6892591e+001
  5.6074566e+001  1.5541129e+001
  4.5520084e+001  2.9295920e+001
  3.9497478e+001  3.8459149e+001
  4.2568467e+001  4.3000973e+001
  5.1652115e+001  3.6858994e+001
  6.2256335e+001  3.0707068e+001
  8.2013837e+001  2.9057175e+001
  1.0481248e+002  2.7387386e+001
  1.5188061e+002  1.6434995e+001
  1.7316864e+002  1.6295727e+001
  2.0206947e+002  1.7627293e+001
  2.1126254e+002  2.8211618e+001
  2.1590384e+002  4.0346359e+001
  2.1135207e+002  4.1896775e+001
  2.0370942e+002  3.5864222e+001
  1.9303556e+002  3.1372137e+001
  1.7324822e+002  2.8460311e+001
  1.5196020e+002  2.8599579e+001
  1.1562561e+002  5.3167493e+001
  1.1424430e+002  7.4465463e+001
  1.1129269e+002  8.8170516e+001
  1.0072826e+002  1.0040474e+002
  1.0539940e+002  1.1710120e+002
  1.1906466e+002  1.1397052e+002
  1.3732149e+002  1.1537172e+002
  1.5103649e+002  1.1984391e+002
  1.5395826e+002  1.0157714e+002
  1.4322472e+002  8.7961614e+001
  1.4009404e+002  7.4296352e+001
  1.3691363e+002  5.3028225e+001
  8.5910487e+001  1.5980656e+002
  9.8025333e+001  1.5212411e+002
  1.1622247e+002  1.4440187e+002
  1.2537575e+002  1.4890391e+002
  1.3751049e+002  1.4426261e+002
  1.5275601e+002  1.5024542e+002
  1.6801148e+002  1.5774881e+002
  1.5130507e+002  1.6089938e+002
  1.4066106e+002  1.6096902e+002
  1.2698585e+002  1.6257912e+002
  1.1481132e+002  1.6113813e+002
  1.0112617e+002  1.6122766e+002
  9.9575749e+001  1.5667588e+002
  1.1171049e+002  1.5203458e+002
  1.2540560e+002  1.5346563e+002
  1.4059143e+002  1.5032500e+002
  1.5735752e+002  1.5629787e+002
  1.4061132e+002  1.5336615e+002
  1.2542549e+002  1.5650677e+002
  1.1173039e+002  1.5507573e+002
  2.1350079e+001  5.3784252e+001
  1.9998617e+001  7.9643942e+001
  1.8667051e+001  1.0854478e+002
  1.8846110e+001  1.3591509e+002
  2.5107461e+001  1.6324561e+002
  3.5910636e+001  1.8750515e+002
  5.4296781e+001  2.0867380e+002
  7.5684280e+001  2.2374026e+002
  1.0007313e+002  2.3270454e+002
  1.2898392e+002  2.3555668e+002
  1.5633434e+002  2.3233647e+002
  1.8214429e+002  2.2608507e+002
  2.0483351e+002  2.0768897e+002
  2.1989997e+002  1.8630148e+002
  2.3038482e+002  1.6190267e+002
  2.3324691e+002  1.3451246e+002
  2.3458842e+002  1.0713220e+002
  2.3136822e+002  7.9781781e+001
  2.2967853e+002  5.3941987e+001
