  9.8165359e+001  5.4813658e+001
  8.7635619e+001  4.4178389e+001
  7.5548867e+001  4.2606301e+001
  6.1927714e+001  4.5562033e+001
  5.1307521e+001  5.3068201e+001
  6.0348088e+001  5.9160572e+001
  7.2434841e+001  6.0732661e+001
  8.7560242e+001  5.9296252e+001
  1.5561324e+002  5.5100093e+001
  1.6472918e+002  4.6074602e+001
  1.7986966e+002  4.1614620e+001
  1.9345312e+002  4.6217819e+001
  2.0399040e+002  5.5341301e+001
  1.9188104e+002  5.8304572e+001
  1.7977167e+002  6.1267842e+001
  1.6618067e+002  5.8176430e+001
  1.1346413e+002  1.8606164e+001
  8.1739230e+001  1.3912512e+001
  4.9984179e+001  1.5266005e+001
  3.7829587e+001  2.7299993e+001
  3.1714601e+001  4.0875919e+001
  3.4700485e+001  4.8449926e+001
  4.6870153e+001  3.3392365e+001
  6.0513919e+001  2.5901274e+001
  8.1663852e+001  2.9030375e+001
  1.1184681e+002  3.9763635e+001
  1.4520410e+002  2.0276243e+001
  1.7243887e+002  1.5876564e+001
  1.9665007e+002  1.1461810e+001
  2.1624299e+002  2.3654091e+001
  2.2071050e+002  3.7282781e+001
  2.1764924e+002  4.4826637e+001
  2.1012800e+002  3.7230017e+001
  1.9806386e+002  3.1122569e+001
  1.7539460e+002  2.9497717e+001
  1.4965655e+002  3.6928506e+001
  1.1632941e+002  5.0368752e+001
  1.1620880e+002  7.4557333e+001
  1.1460656e+002  9.2691231e+001
  1.0093265e+002  1.0622947e+002
  1.0537755e+002  1.2439352e+002
  1.1902132e+002  1.1690242e+002
  1.3716276e+002  1.1699288e+002
  1.4922689e+002  1.2310033e+002
  1.5687628e+002  1.0499658e+002
  1.4334558e+002  8.9810876e+001
  1.3888560e+002  7.4670399e+001
  1.3899866e+002  5.1993605e+001
  8.2512315e+001  1.6207511e+002
  1.0070652e+002  1.5158306e+002
  1.1433521e+002  1.4711554e+002
  1.2792621e+002  1.5020695e+002
  1.4306668e+002  1.4574697e+002
  1.5816193e+002  1.5035771e+002
  1.7173032e+002  1.5798448e+002
  1.5957573e+002  1.7001847e+002
  1.4593950e+002  1.7599777e+002
  1.2778299e+002  1.7893089e+002
  1.1266513e+002  1.7885551e+002
  9.7584951e+001  1.7122120e+002
  9.4606605e+001  1.6213541e+002
  1.0822776e+002  1.5917968e+002
  1.2788098e+002  1.5927767e+002
  1.4905353e+002  1.5787141e+002
  1.6113274e+002  1.6095529e+002
  1.4903091e+002  1.6240677e+002
  1.2785083e+002  1.6532481e+002
  1.0821268e+002  1.6220325e+002
  2.4110443e+001  4.9908948e+001
  2.2470515e+001  7.5601778e+001
  2.5365946e+001  1.0131722e+002
  3.1292486e+001  1.2553595e+002
  3.7203952e+001  1.5277826e+002
  4.4634741e+001  1.7851631e+002
  5.6623503e+001  1.9974162e+002
  7.7705596e+001  2.1647680e+002
  1.0032209e+002  2.2868416e+002
  1.2751163e+002  2.3335520e+002
  1.5172282e+002  2.2894044e+002
  1.7445992e+002  2.1695922e+002
  1.9420360e+002  1.9891577e+002
  2.0792274e+002  1.7630682e+002
  2.1710652e+002  1.5367525e+002
  2.2025824e+002  1.2798996e+002
  2.2643353e+002  1.0231974e+002
  2.2807345e+002  7.6626914e+001
  2.2819406e+002  5.2438333e+001
