  1.0188442e+002  5.4079400e+001
  9.1259245e+001  4.6522922e+001
  7.9130878e+001  4.5032185e+001
  6.7011856e+001  4.8088417e+001
  5.9442918e+001  5.2650962e+001
  6.8546202e+001  5.7179241e+001
  7.9158912e+001  5.8673094e+001
  8.9765393e+001  5.7135633e+001
  1.5189797e+002  5.2460951e+001
  1.6249510e+002  4.6376521e+001
  1.7310158e+002  4.4839060e+001
  1.8371741e+002  4.7848568e+001
  1.9585823e+002  5.5401931e+001
  1.8373921e+002  5.8458164e+001
  1.7312962e+002  5.8479968e+001
  1.6099813e+002  5.5473575e+001
  1.0485966e+002  2.6791353e+001
  9.1206291e+001  2.0756762e+001
  6.6949557e+001  1.7775287e+001
  5.1808567e+001  2.5384719e+001
  3.9702005e+001  3.4503578e+001
  4.4264549e+001  4.2072515e+001
  5.4858570e+001  3.4472428e+001
  6.6974477e+001  2.9900539e+001
  8.8190553e+001  2.8341274e+001
  1.0184392e+002  3.4375866e+001
  1.4881058e+002  2.5185364e+001
  1.6395469e+002  1.9091589e+001
  1.8820208e+002  1.7526093e+001
  2.0336799e+002  2.2041914e+001
  2.1399939e+002  3.2629705e+001
  2.0946176e+002  3.7186019e+001
  2.0035536e+002  3.1142082e+001
  1.8519257e+002  2.8141919e+001
  1.6548904e+002  2.8182413e+001
  1.5185747e+002  3.2757417e+001
  1.1703163e+002  4.9501281e+001
  1.1556582e+002  7.3754900e+001
  1.0802180e+002  9.0442696e+001
  9.5921467e+001  1.0259287e+002
  1.0353090e+002  1.1773386e+002
  1.2020001e+002  1.1618394e+002
  1.4142231e+002  1.1765599e+002
  1.5657888e+002  1.1762484e+002
  1.6109781e+002  1.0397458e+002
  1.4894453e+002  9.0358594e+001
  1.4284764e+002  7.3698832e+001
  1.3976960e+002  5.0970214e+001
  8.2380236e+001  1.5112191e+002
  9.6011800e+001  1.4654691e+002
  1.1570910e+002  1.4347510e+002
  1.2784059e+002  1.4648149e+002
  1.4147838e+002  1.4493780e+002
  1.5966937e+002  1.4641608e+002
  1.7634471e+002  1.4789747e+002
  1.5971921e+002  1.7066658e+002
  1.4458757e+002  1.8282298e+002
  1.2792469e+002  1.8740422e+002
  1.1276189e+002  1.8440406e+002
  9.9102296e+001  1.7533815e+002
  8.9964748e+001  1.5413765e+002
  1.0663074e+002  1.5107207e+002
  1.2633739e+002  1.5254723e+002
  1.4603781e+002  1.5099108e+002
  1.6725700e+002  1.5094748e+002
  1.4759085e+002  1.6917585e+002
  1.2637788e+002  1.7225077e+002
  1.0666500e+002  1.6774429e+002
  1.8513963e+001  4.9703751e+001
  1.4016832e+001  7.3963600e+001
  1.7104214e+001  1.0123919e+002
  2.4738565e+001  1.2850543e+002
  3.2372916e+001  1.5577167e+002
  4.1513579e+001  1.7848783e+002
  5.6719983e+001  2.0270719e+002
  7.7976553e+001  2.2085145e+002
  9.9223778e+001  2.3444875e+002
  1.2651494e+002  2.3893965e+002
  1.5227799e+002  2.3737104e+002
  1.7649734e+002  2.2216464e+002
  1.9768538e+002  2.0696447e+002
  2.1431088e+002  1.8419536e+002
  2.2487064e+002  1.5992305e+002
  2.2936154e+002  1.3263189e+002
  2.3385244e+002  1.0534072e+002
  2.3683080e+002  7.9568332e+001
  2.3526219e+002  5.3805287e+001
