  1.0012064e+002  5.2563383e+001
  9.1178898e+001  4.3396929e+001
  7.9144217e+001  4.0229090e+001
  6.5544343e+001  4.1569574e+001
  5.6434066e+001  4.5984269e+001
  6.5413262e+001  5.2132690e+001
  7.7447943e+001  5.5300529e+001
  8.9520075e+001  5.5450335e+001
  1.5295495e+002  5.1709769e+001
  1.6210268e+002  4.4277041e+001
  1.7121295e+002  3.9862346e+001
  1.8326636e+002  4.1521168e+001
  1.9677260e+002  4.7725766e+001
  1.8613458e+002  5.3630752e+001
  1.7402500e+002  5.6498979e+001
  1.6346189e+002  5.6367899e+001
  1.0790916e+002  3.3039797e+001
  8.8385574e+001  2.5251279e+001
  6.7334246e+001  1.8953052e+001
  5.3659469e+001  2.6329603e+001
  4.1512433e+001  3.2215863e+001
  4.4493015e+001  3.5271347e+001
  5.6583873e+001  3.3912137e+001
  7.0202473e+001  3.1062636e+001
  8.9744785e+001  3.7342137e+001
  1.0628779e+002  4.2075170e+001
  1.4414428e+002  3.1980199e+001
  1.6385513e+002  2.4678552e+001
  1.8656528e+002  1.8923372e+001
  2.0465475e+002  2.0657098e+001
  2.1506806e+002  3.2860311e+001
  2.1052228e+002  3.4313150e+001
  2.0001535e+002  2.9655020e+001
  1.8796194e+002  2.7996197e+001
  1.6676081e+002  3.3770102e+001
  1.4859643e+002  3.8072442e+001
  1.1375797e+002  4.8204865e+001
  1.1345836e+002  7.2349130e+001
  1.0717886e+002  9.1891441e+001
  9.7974950e+001  1.0385122e+002
  1.0827590e+002  1.2510853e+002
  1.2342225e+002  1.2076874e+002
  1.4002143e+002  1.2097472e+002
  1.5356513e+002  1.2416129e+002
  1.5835434e+002  1.0309123e+002
  1.4643201e+002  9.0869295e+001
  1.4063938e+002  7.1177177e+001
  1.3941125e+002  4.8523203e+001
  8.6737706e+001  1.5804473e+002
  1.0339307e+002  1.5372367e+002
  1.1701166e+002  1.5087417e+002
  1.2753733e+002  1.5402328e+002
  1.3964691e+002  1.5115505e+002
  1.5170032e+002  1.5281388e+002
  1.6524402e+002  1.5600044e+002
  1.5305953e+002  1.6490473e+002
  1.4244024e+002  1.6930070e+002
  1.2735007e+002  1.6911345e+002
  1.1227863e+002  1.6741717e+002
  1.0026268e+002  1.6274032e+002
  1.0030013e+002  1.5972228e+002
  1.1388128e+002  1.5989081e+002
  1.2744370e+002  1.6156836e+002
  1.4255259e+002  1.6024660e+002
  1.5462472e+002  1.6039641e+002
  1.4255259e+002  1.6024660e+002
  1.2744370e+002  1.6156836e+002
  1.1388128e+002  1.5989081e+002
  2.0217670e+001  4.5534851e+001
  1.6862573e+001  7.2659696e+001
  1.8034525e+001  9.9840720e+001
  2.3733528e+001  1.2707792e+002
  2.9413804e+001  1.5582414e+002
  4.1186324e+001  1.8011821e+002
  5.7485893e+001  2.0446846e+002
  7.6859673e+001  2.2432911e+002
  1.0085413e+002  2.3670085e+002
  1.2946927e+002  2.4158369e+002
  1.5512255e+002  2.4190203e+002
  1.7945407e+002  2.2711148e+002
  2.0082374e+002  2.0775642e+002
  2.1319548e+002  1.8376196e+002
  2.2405821e+002  1.5974878e+002
  2.3041261e+002  1.3417040e+002
  2.3680447e+002  1.0557399e+002
  2.3717899e+002  7.5393660e+001
  2.3146126e+002  4.9665476e+001
