  1.0680376e+002  5.2853731e+001
  9.4743320e+001  4.5258813e+001
  8.1151568e+001  4.3701820e+001
  6.9055172e+001  4.6682259e+001
  6.2996702e+001  5.1194009e+001
  6.9024354e+001  5.5746851e+001
  8.1105340e+001  5.7298708e+001
  9.3191463e+001  5.7339799e+001
  1.5363235e+002  5.4523725e+001
  1.6423339e+002  4.7005853e+001
  1.7481902e+002  4.4020277e+001
  1.8539438e+002  4.4056232e+001
  1.9443329e+002  5.1640878e+001
  1.8535329e+002  5.6142355e+001
  1.7477279e+002  5.7617166e+001
  1.6420257e+002  5.6070445e+001
  1.0839157e+002  3.0197387e+001
  8.5760910e+001  2.1055748e+001
  6.1609210e+001  1.4930504e+001
  4.7981503e+001  2.3948869e+001
  4.0396858e+001  3.2987779e+001
  4.3397843e+001  3.9041113e+001
  5.2477845e+001  3.4539635e+001
  6.1547573e+001  3.3059689e+001
  8.2698288e+001  3.3131598e+001
  1.0533922e+002  3.9251706e+001
  1.4616071e+002  3.0325797e+001
  1.6280481e+002  2.2828471e+001
  1.9152990e+002  1.6883001e+001
  2.0359547e+002  2.2967154e+001
  2.1413487e+002  3.3578467e+001
  2.0958717e+002  3.8095353e+001
  2.0204362e+002  3.5048141e+001
  1.8845700e+002  3.1980382e+001
  1.6578525e+002  3.4924867e+001
  1.4915656e+002  3.7889897e+001
  1.1889502e+002  5.1384057e+001
  1.1730721e+002  7.4040401e+001
  1.0818612e+002  9.0628001e+001
  9.6069174e+001  9.9651502e+001
  9.9034204e+001  1.1628019e+002
  1.2017465e+002  1.1937363e+002
  1.3679820e+002  1.1791937e+002
  1.5795919e+002  1.1496975e+002
  1.6103722e+002  9.8361603e+001
  1.4898192e+002  8.9255919e+001
  1.4148459e+002  7.2611818e+001
  1.4004574e+002  5.1455967e+001
  8.8335573e+001  1.5250261e+002
  1.0195301e+002  1.4650577e+002
  1.1555503e+002  1.4504124e+002
  1.2763088e+002  1.4810386e+002
  1.4274881e+002  1.4513369e+002
  1.5482979e+002  1.4668555e+002
  1.6841127e+002  1.5126407e+002
  1.5477329e+002  1.6330397e+002
  1.4417739e+002  1.6931107e+002
  1.2905946e+002  1.7228124e+002
  1.1395695e+002  1.7071911e+002
  1.0189137e+002  1.6463496e+002
  9.7395029e+001  1.5404419e+002
  1.1250782e+002  1.5258479e+002
  1.2760520e+002  1.5565768e+002
  1.4271799e+002  1.5419828e+002
  1.5934155e+002  1.5274402e+002
  1.4422362e+002  1.5571419e+002
  1.2760006e+002  1.5716845e+002
  1.1249755e+002  1.5560632e+002
  2.3727075e+001  4.8038932e+001
  1.9102323e+001  7.5217299e+001
  1.9004732e+001  1.0392184e+002
  2.0417905e+001  1.3263152e+002
  2.4852609e+001  1.6135147e+002
  3.3829882e+001  1.8706530e+002
  5.0366119e+001  2.1129405e+002
  7.2965962e+001  2.2950028e+002
  9.8613018e+001  2.4016295e+002
  1.2729702e+002  2.4630361e+002
  1.5450620e+002  2.4186377e+002
  1.8174107e+002  2.2987010e+002
  2.0295856e+002  2.1030206e+002
  2.1663249e+002  1.8768681e+002
  2.2578954e+002  1.6052385e+002
  2.3040915e+002  1.3485625e+002
  2.3050675e+002  1.0615171e+002
  2.3059920e+002  7.8957928e+001
  2.2918089e+002  5.1759015e+001
