  1.0414207e+002  5.0529532e+001
  9.2062311e+001  4.2961332e+001
  7.8466606e+001  3.9924485e+001
  6.6373653e+001  4.4444290e+001
  5.7301051e+001  5.0478395e+001
  6.4851105e+001  5.5019644e+001
  7.9961110e+001  5.5036140e+001
  9.3561765e+001  5.3539986e+001
  1.5702544e+002  5.2098267e+001
  1.6459199e+002  4.1529511e+001
  1.7819264e+002  4.0033357e+001
  1.9027735e+002  4.3068555e+001
  1.9933510e+002  5.0633455e+001
  1.8875315e+002  5.5154909e+001
  1.7817285e+002  5.8165363e+001
  1.6608814e+002  5.5130166e+001
  1.0567616e+002  2.9377174e+001
  8.9060105e+001  2.4826027e+001
  6.4887396e+001  2.1777632e+001
  4.6747141e+001  2.9312840e+001
  3.4647590e+001  3.9876647e+001
  3.9175643e+001  4.4414598e+001
  5.1273545e+001  3.5361791e+001
  6.6388499e+001  3.0845285e+001
  8.4518856e+001  3.2376081e+001
  1.0264591e+002  3.6928877e+001
  1.4647318e+002  2.9421712e+001
  1.6612608e+002  2.0377154e+001
  1.8728174e+002  1.8889247e+001
  2.0389944e+002  2.1929393e+001
  2.1446655e+002  3.1006944e+001
  2.1143795e+002  3.7047647e+001
  1.9935655e+002  3.0990448e+001
  1.8424654e+002  3.0973952e+001
  1.6611288e+002  3.2465158e+001
  1.5099958e+002  3.5470663e+001
  1.1321137e+002  4.7517428e+001
  1.1318498e+002  7.1693436e+001
  1.0409918e+002  8.9815545e+001
  9.5011731e+001  1.0944866e+002
  1.0406454e+002  1.2154656e+002
  1.2219489e+002  1.2307735e+002
  1.3428290e+002  1.2309055e+002
  1.5090555e+002  1.2159769e+002
  1.5847375e+002  1.0951794e+002
  1.4641049e+002  8.6839732e+001
  1.4189729e+002  6.8702777e+001
  1.4040938e+002  4.7547120e+001
  8.8913293e+001  1.5930507e+002
  1.0100955e+002  1.5176327e+002
  1.1310085e+002  1.4875446e+002
  1.2669655e+002  1.5179131e+002
  1.3878786e+002  1.4878251e+002
  1.5238191e+002  1.5333035e+002
  1.6597267e+002  1.6090020e+002
  1.5387807e+002  1.6693101e+002
  1.4027411e+002  1.7144916e+002
  1.2818281e+002  1.7445797e+002
  1.1156510e+002  1.7141782e+002
  9.9483698e+001  1.6536062e+002
  9.7980945e+001  1.5780397e+002
  1.1308930e+002  1.5933147e+002
  1.2668831e+002  1.5934631e+002
  1.4179996e+002  1.5785181e+002
  1.5539732e+002  1.5937766e+002
  1.4179996e+002  1.5785181e+002
  1.2668831e+002  1.5934631e+002
  1.1308930e+002  1.5933147e+002
  2.2549688e+001  4.8929454e+001
  2.2521646e+001  7.4616463e+001
  2.4002954e+001  1.0181612e+002
  2.5484262e+001  1.2901578e+002
  2.9987571e+001  1.5621874e+002
  3.9027181e+001  1.8040465e+002
  5.4112443e+001  2.0308615e+002
  7.5248305e+001  2.1973025e+002
  9.9411117e+001  2.3184465e+002
  1.2660418e+002  2.3640734e+002
  1.5229779e+002  2.3039138e+002
  1.7799634e+002  2.1984242e+002
  2.0218720e+002  2.0626981e+002
  2.1882965e+002  1.8664495e+002
  2.2943139e+002  1.6399149e+002
  2.3399739e+002  1.3377642e+002
  2.3705073e+002  1.0507071e+002
  2.4009912e+002  8.0898004e+001
  2.3711176e+002  4.9163694e+001
