  9.7443154e+001  5.3514140e+001
  8.8346330e+001  4.8899988e+001
  7.7720221e+001  4.5797591e+001
  6.7067816e+001  4.7256754e+001
  5.6397880e+001  5.1756956e+001
  6.5485939e+001  5.7891628e+001
  7.6129578e+001  5.7952985e+001
  8.8293738e+001  5.8023108e+001
  1.5825519e+002  5.5385273e+001
  1.6590161e+002  4.7826500e+001
  1.7808330e+002  4.4855583e+001
  1.8871818e+002  4.6437460e+001
  1.9780624e+002  5.2572132e+001
  1.8865682e+002  5.7081100e+001
  1.7801318e+002  5.7019742e+001
  1.6736954e+002  5.6958385e+001
  1.0065074e+002  2.4641791e+001
  8.2448322e+001  1.6934008e+001
  6.2707859e+001  1.2258499e+001
  4.7458832e+001  1.9773445e+001
  3.6762601e+001  2.8835208e+001
  4.1289099e+001  3.4943583e+001
  5.1959035e+001  3.0443381e+001
  6.1099685e+001  2.7454933e+001
  8.0848914e+001  3.0609922e+001
  9.9086388e+001  3.2235626e+001
  1.5386893e+002  2.4948578e+001
  1.7367952e+002  1.7459927e+001
  1.9196082e+002  1.1483031e+001
  2.0864271e+002  1.9182050e+001
  2.1923376e+002  2.8366527e+001
  2.1311662e+002  3.4413545e+001
  2.0401980e+002  2.9799394e+001
  1.9186440e+002  2.8208751e+001
  1.7512992e+002  2.9632852e+001
  1.5685738e+002  3.4089228e+001
  1.1570692e+002  5.0578284e+001
  1.1252564e+002  7.4889073e+001
  1.0785890e+002  9.3109016e+001
  9.8648122e+001  1.0826162e+002
  1.0466885e+002  1.1894033e+002
  1.1837106e+002  1.1597817e+002
  1.3357626e+002  1.1606583e+002
  1.5028444e+002  1.1920328e+002
  1.5643665e+002  1.0707419e+002
  1.4739241e+002  9.3336915e+001
  1.4294480e+002  7.3543859e+001
  1.4154700e+002  5.2247815e+001
  8.9235747e+001  1.5838619e+002
  1.0143497e+002  1.5237423e+002
  1.1666646e+002  1.4790033e+002
  1.2729257e+002  1.5100272e+002
  1.3795374e+002  1.4802304e+002
  1.4857109e+002  1.5264596e+002
  1.6678226e+002  1.5883322e+002
  1.5453045e+002  1.7396830e+002
  1.4081071e+002  1.7997149e+002
  1.2559675e+002  1.8140436e+002
  1.1192083e+002  1.7980495e+002
  9.9791733e+001  1.7365275e+002
  9.5309061e+001  1.5994177e+002
  1.1205231e+002  1.5699715e+002
  1.2724875e+002  1.5860532e+002
  1.4246271e+002  1.5717246e+002
  1.5765038e+002  1.6030115e+002
  1.4244518e+002  1.6021350e+002
  1.2722245e+002  1.6316688e+002
  1.1203478e+002  1.6003819e+002
  2.4475727e+001  5.0052364e+001
  2.4300420e+001  8.0462764e+001
  2.7192449e+001  1.0632913e+002
  3.1604999e+001  1.3220427e+002
  3.9058588e+001  1.5809694e+002
  4.8050228e+001  1.8095733e+002
  6.1603428e+001  2.0384401e+002
  7.8215198e+001  2.2370719e+002
  1.0248216e+002  2.3449108e+002
  1.2679295e+002  2.3767236e+002
  1.5266808e+002  2.3325981e+002
  1.7554601e+002  2.2122713e+002
  1.9389743e+002  2.0308608e+002
  2.0772235e+002  1.7883665e+002
  2.1698572e+002  1.5456092e+002
  2.2321681e+002  1.2874714e+002
  2.2792738e+002  1.0292460e+002
  2.3110867e+002  7.8613808e+001
  2.3125768e+002  5.2764969e+001
