  9.9830305e+001  5.5099799e+001
  9.0685780e+001  4.4477338e+001
  7.8516970e+001  4.1462827e+001
  6.4837646e+001  4.3012433e+001
  5.4208669e+001  4.9116385e+001
  6.4863708e+001  5.5174728e+001
  7.5512232e+001  5.8192497e+001
  8.9194813e+001  5.8163177e+001
  1.5303383e+002  5.1945204e+001
  1.6365955e+002  4.4320966e+001
  1.7581533e+002  4.1254330e+001
  1.8798414e+002  4.4268842e+001
  1.9711889e+002  5.0330442e+001
  1.8800694e+002  5.4910849e+001
  1.7584791e+002  5.6457198e+001
  1.6368235e+002  5.4962974e+001
  1.0737636e+002  2.9238635e+001
  8.9126400e+001  2.6237154e+001
  6.7835869e+001  2.3242189e+001
  4.5028309e+001  2.1770769e+001
  3.4392817e+001  2.4834147e+001
  3.7459452e+001  3.6989926e+001
  4.8091687e+001  3.2406261e+001
  6.7858673e+001  3.3884197e+001
  8.7625660e+001  3.5362133e+001
  1.0435859e+002  3.9887158e+001
  1.5602554e+002  2.9134386e+001
  1.7729978e+002  2.4527917e+001
  1.9249613e+002  2.1454766e+001
  2.1226312e+002  2.2932702e+001
  2.2443844e+002  2.8987787e+001
  2.2140764e+002  3.3555163e+001
  2.0924209e+002  3.2060938e+001
  1.9403922e+002  3.2093516e+001
  1.7884287e+002  3.5166667e+001
  1.5908240e+002  3.6729305e+001
  1.1349986e+002  4.8989332e+001
  1.1355524e+002  7.4834208e+001
  1.0599615e+002  9.4614226e+001
  9.5376951e+001  1.0527904e+002
  9.9973647e+001  1.2199242e+002
  1.1669680e+002  1.2195659e+002
  1.3189967e+002  1.2192401e+002
  1.5318694e+002  1.2339869e+002
  1.5619820e+002  1.0970959e+002
  1.4400658e+002  9.6053069e+001
  1.3635954e+002  7.4785342e+001
  1.3630742e+002  5.0460753e+001
  8.7889538e+001  1.5850537e+002
  1.0308589e+002  1.5543222e+002
  1.1524167e+002  1.5236558e+002
  1.2740722e+002  1.5385980e+002
  1.3956626e+002  1.5231346e+002
  1.5173181e+002  1.5380768e+002
  1.6693142e+002  1.5225482e+002
  1.5327490e+002  1.6444643e+002
  1.4416621e+002  1.7054712e+002
  1.2896986e+002  1.7362027e+002
  1.1528728e+002  1.7364959e+002
  1.0615578e+002  1.6910828e+002
  9.8534804e+001  1.6000285e+002
  1.1374093e+002  1.6149056e+002
  1.2894380e+002  1.6145798e+002
  1.4566044e+002  1.5838157e+002
  1.5629919e+002  1.5683848e+002
  1.4566370e+002  1.5990186e+002
  1.2894706e+002  1.6297827e+002
  1.1374419e+002  1.6301084e+002
  1.6201499e+001  4.9197829e+001
  1.4739852e+001  7.6566250e+001
  1.7835807e+001  1.0240461e+002
  2.0935020e+001  1.2976326e+002
  2.8595094e+001  1.5711213e+002
  4.0809513e+001  1.8141066e+002
  5.6061248e+001  2.0418238e+002
  7.7381099e+001  2.2085993e+002
  1.0173175e+002  2.3297010e+002
  1.3062372e+002  2.3594878e+002
  1.5493527e+002  2.2981551e+002
  1.7618997e+002  2.1608731e+002
  1.9439106e+002  1.9628449e+002
  2.0802803e+002  1.7497116e+002
  2.1710089e+002  1.5214731e+002
  2.2465020e+002  1.2780643e+002
  2.2915242e+002  1.0043150e+002
  2.3061732e+002  7.4583361e+001
  2.3208549e+002  5.0255514e+001
