  1.0179656e+002  5.0100658e+001
  8.9709837e+001  4.2616267e+001
  7.6141293e+001  4.1165826e+001
  6.4104769e+001  4.5736785e+001
  5.5094633e+001  5.3309031e+001
  6.5655615e+001  5.6278942e+001
  7.6210322e+001  5.7741933e+001
  8.9766315e+001  5.6178536e+001
  1.5453872e+002  4.9881021e+001
  1.6505578e+002  4.2302499e+001
  1.7861177e+002  4.0739102e+001
  1.9068595e+002  4.5209656e+001
  2.0126576e+002  5.2700322e+001
  1.9072987e+002  5.5758087e+001
  1.7716761e+002  5.5814565e+001
  1.6510598e+002  5.4357849e+001
  1.0318425e+002  2.1462926e+001
  9.2610718e+001  1.5479178e+001
  5.0435818e+001  2.0175644e+001
  3.9925039e+001  2.9261084e+001
  3.5441935e+001  3.8321423e+001
  3.9975242e+001  4.1316435e+001
  5.5019328e+001  3.5226006e+001
  7.3089803e+001  3.2136864e+001
  8.8152716e+001  3.0567192e+001
  1.0022062e+002  3.3530827e+001
  1.4388361e+002  2.4307329e+001
  1.5589503e+002  1.3708694e+001
  2.0110887e+002  1.5027352e+001
  2.1472762e+002  2.8533143e+001
  2.1629729e+002  4.3596056e+001
  2.1330855e+002  4.9636282e+001
  2.0421684e+002  3.7618584e+001
  1.8761563e+002  3.1659937e+001
  1.6802569e+002  3.1741517e+001
  1.4844829e+002  3.4836934e+001
  1.1836640e+002  4.8524710e+001
  1.1695361e+002  7.1134767e+001
  1.1100124e+002  8.9242894e+001
  9.8996089e+001  1.0134845e+002
  1.0207895e+002  1.1791200e+002
  1.2016826e+002  1.1934362e+002
  1.3373053e+002  1.1928714e+002
  1.5181355e+002  1.1921183e+002
  1.5476463e+002  1.0413010e+002
  1.4717356e+002  9.0599205e+001
  1.4106431e+002  7.1034362e+001
  1.3946953e+002  4.9943774e+001
  8.8698671e+001  1.6166913e+002
  1.0071637e+002  1.5257741e+002
  1.1574791e+002  1.4347314e+002
  1.2781581e+002  1.4643678e+002
  1.3985861e+002  1.4337274e+002
  1.5345225e+002  1.5085086e+002
  1.6403206e+002  1.5834152e+002
  1.5502192e+002  1.6591377e+002
  1.4449859e+002  1.7198537e+002
  1.2792876e+002  1.7356132e+002
  1.1285958e+002  1.7362407e+002
  1.0078540e+002  1.6915352e+002
  1.0074147e+002  1.5860509e+002
  1.1427864e+002  1.5252093e+002
  1.2784718e+002  1.5397137e+002
  1.4140318e+002  1.5240798e+002
  1.5649747e+002  1.5837290e+002
  1.4295402e+002  1.6295013e+002
  1.2789111e+002  1.6451980e+002
  1.1281565e+002  1.6307564e+002
  2.7951268e+001  4.8901231e+001
  2.5050387e+001  7.6038320e+001
  2.2149506e+001  1.0317541e+002
  2.6776943e+001  1.2877420e+002
  3.4424494e+001  1.5586736e+002
  4.5079606e+001  1.8144106e+002
  5.8742281e+001  2.0549528e+002
  7.8413805e+001  2.2500364e+002
  9.9579696e+001  2.4149189e+002
  1.2822998e+002  2.4589342e+002
  1.5382250e+002  2.3975906e+002
  1.7636353e+002  2.2459574e+002
  1.9738509e+002  2.0642486e+002
  2.1387334e+002  1.8525897e+002
  2.2129497e+002  1.5810306e+002
  2.2570277e+002  1.3095969e+002
  2.2860366e+002  1.0382261e+002
  2.2999762e+002  7.6691791e+001
  2.2536390e+002  4.9586079e+001
