  9.8765443e+001  5.3723806e+001
  8.9635705e+001  4.6151765e+001
  7.7475731e+001  4.1624153e+001
  6.6848617e+001  4.3167657e+001
  5.9273027e+001  5.0778729e+001
  6.6880551e+001  5.6835652e+001
  7.7514762e+001  5.8329480e+001
  8.9656994e+001  5.5263762e+001
  1.5798987e+002  5.2066758e+001
  1.6708768e+002  4.5970804e+001
  1.7922636e+002  4.1386419e+001
  1.9138279e+002  4.4395365e+001
  2.0050898e+002  5.0448740e+001
  1.9141117e+002  5.6544694e+001
  1.8078051e+002  5.6569532e+001
  1.6862763e+002  5.5079252e+001
  1.0326467e+002  2.9414503e+001
  8.6538052e+001  2.0341538e+001
  5.6143440e+001  1.1300506e+001
  3.7954929e+001  2.6529746e+001
  3.1919296e+001  4.3249267e+001
  4.1041937e+001  4.7783976e+001
  4.5573098e+001  3.7142668e+001
  5.7708234e+001  3.1039617e+001
  8.2013988e+001  3.4020177e+001
  1.0025217e+002  4.0052263e+001
  1.5489932e+002  2.9293862e+001
  1.7006469e+002  2.0146383e+001
  1.9586427e+002  1.2492732e+001
  2.1411310e+002  2.3080816e+001
  2.1870813e+002  3.9775498e+001
  2.1264411e+002  4.4345690e+001
  2.0654816e+002  3.5247886e+001
  1.9590330e+002  2.9198059e+001
  1.7465262e+002  3.3803733e+001
  1.5947661e+002  3.8395214e+001
  1.1697879e+002  4.9125229e+001
  1.1703202e+002  7.1905220e+001
  1.1099638e+002  8.8624741e+001
  9.8871891e+001  9.9283790e+001
  1.0043314e+002  1.1750423e+002
  1.2322377e+002  1.2200701e+002
  1.3992910e+002  1.2196798e+002
  1.5965757e+002  1.1584719e+002
  1.6114075e+002  1.0065698e+002
  1.4744792e+002  9.0058248e+001
  1.4133067e+002  7.1848448e+001
  1.4128100e+002  5.0587122e+001
  8.6846751e+001  1.5246549e+002
  1.0354143e+002  1.4787046e+002
  1.1567657e+002  1.4176741e+002
  1.2783654e+002  1.4629502e+002
  1.3997878e+002  1.4322930e+002
  1.5517608e+002  1.4774982e+002
  1.7037694e+002  1.5378900e+002
  1.5674797e+002  1.7052626e+002
  1.4461993e+002  1.7966665e+002
  1.2791815e+002  1.8122434e+002
  1.1120573e+002  1.7822604e+002
  9.9031563e+001  1.6762376e+002
  9.7488059e+001  1.5699665e+002
  1.1418629e+002  1.5392029e+002
  1.2937295e+002  1.5388481e+002
  1.4455961e+002  1.5384932e+002
  1.5974982e+002  1.5533251e+002
  1.4609957e+002  1.6295777e+002
  1.2939779e+002  1.6451547e+002
  1.1572625e+002  1.6302874e+002
  2.1299278e+001  4.7830103e+001
  1.9844480e+001  7.5169641e+001
  2.1427015e+001  1.0250208e+002
  2.6046882e+001  1.2982743e+002
  3.2185416e+001  1.5714923e+002
  4.1357733e+001  1.8294526e+002
  5.5082500e+001  2.0721198e+002
  7.4871287e+001  2.2690852e+002
  9.9198331e+001  2.3900107e+002
  1.2806363e+002  2.4348965e+002
  1.5234455e+002  2.3583955e+002
  1.7205527e+002  2.2212543e+002
  1.9327402e+002  2.0385176e+002
  2.0688524e+002  1.7952117e+002
  2.1441825e+002  1.5368610e+002
  2.1739881e+002  1.2938035e+002
  2.2037228e+002  1.0203726e+002
  2.2334929e+002  7.6212840e+001
  2.2177030e+002  5.0399064e+001
