  1.0007024e+002  5.3214692e+001
  8.9343322e+001  4.7404065e+001
  7.7172341e+001  4.4653362e+001
  6.5173149e+001  4.9466575e+001
  5.7781023e+001  5.7202280e+001
  6.6926438e+001  6.0021699e+001
  7.7550278e+001  6.1293977e+001
  9.1096610e+001  5.7959189e+001
  1.5607757e+002  5.3456232e+001
  1.6350405e+002  4.7233310e+001
  1.7705039e+002  4.3898522e+001
  1.8774294e+002  4.8196366e+001
  1.9547865e+002  5.5588492e+001
  1.8647066e+002  5.8820206e+001
  1.7588118e+002  5.9060711e+001
  1.6525734e+002  5.7788434e+001
  9.7732862e+001  1.6942255e+001
  7.4972399e+001  1.4432057e+001
  5.6853359e+001  1.6357136e+001
  4.4991600e+001  2.7221481e+001
  3.9146615e+001  3.6435612e+001
  4.2240897e+001  3.9392462e+001
  4.8154598e+001  3.3203898e+001
  5.7162580e+001  2.9972184e+001
  7.5281620e+001  2.8047106e+001
  9.6460584e+001  2.7566095e+001
  1.5377455e+002  1.8696577e+001
  1.7337202e+002  1.5224358e+001
  2.0214926e+002  1.6084341e+001
  2.1146646e+002  2.6467675e+001
  2.1469817e+002  3.5475658e+001
  2.1026290e+002  4.0117081e+001
  2.0403998e+002  3.2690597e+001
  1.9633863e+002  2.6811254e+001
  1.7512531e+002  2.5779482e+001
  1.5401506e+002  2.9286059e+001
  1.1973642e+002  5.2768039e+001
  1.1719186e+002  7.4015719e+001
  1.1148431e+002  8.9280982e+001
  1.0271683e+002  1.0310218e+002
  1.0763312e+002  1.1963972e+002
  1.2417066e+002  1.1472343e+002
  1.3933285e+002  1.1589264e+002
  1.5456375e+002  1.2008741e+002
  1.5875852e+002  1.0485650e+002
  1.4933824e+002  8.9934817e+001
  1.4139639e+002  7.3465992e+001
  1.3940260e+002  5.2321386e+001
  8.4459324e+001  1.6557294e+002
  1.0240658e+002  1.5608395e+002
  1.1884104e+002  1.4662931e+002
  1.2953360e+002  1.5092715e+002
  1.4304557e+002  1.4607958e+002
  1.5528527e+002  1.5185585e+002
  1.7220075e+002  1.6358018e+002
  1.5717599e+002  1.6846211e+002
  1.4366402e+002  1.7330968e+002
  1.2857054e+002  1.7516604e+002
  1.1340835e+002  1.7399684e+002
  9.9724588e+001  1.7128049e+002
  9.9552798e+001  1.6371658e+002
  1.1306477e+002  1.5886901e+002
  1.2822696e+002  1.6003821e+002
  1.4332044e+002  1.5818185e+002
  1.6002977e+002  1.6082948e+002
  1.4338915e+002  1.6120741e+002
  1.2829568e+002  1.6306378e+002
  1.1313349e+002  1.6189457e+002
  2.2815221e+001  5.0428597e+001
  2.1852165e+001  7.4667485e+001
  2.3983391e+001  1.0186322e+002
  2.9105825e+001  1.2747746e+002
  3.5741043e+001  1.5305735e+002
  4.2410618e+001  1.8015001e+002
  5.3515469e+001  2.0260125e+002
  7.3593945e+001  2.2030800e+002
  9.8038981e+001  2.3034775e+002
  1.2537215e+002  2.3426766e+002
  1.5253353e+002  2.3062365e+002
  1.7656627e+002  2.2251001e+002
  1.9588887e+002  2.0693552e+002
  2.1201412e+002  1.8386584e+002
  2.1748117e+002  1.5801109e+002
  2.1992265e+002  1.3222506e+002
  2.2532098e+002  1.0334475e+002
  2.2776246e+002  7.7558723e+001
  2.2566559e+002  5.1875767e+001
