  9.6216261e+001  5.5647691e+001
  8.7154041e+001  4.9576799e+001
  7.5059769e+001  4.6524385e+001
  6.2948529e+001  5.1035132e+001
  5.3859160e+001  5.7065300e+001
  6.2928167e+001  6.0110927e+001
  7.5025832e+001  6.1650709e+001
  8.7130285e+001  6.0165226e+001
  1.5823080e+002  5.7299467e+001
  1.6883619e+002  4.9760061e+001
  1.7943141e+002  4.6758552e+001
  1.9001305e+002  4.9807573e+001
  1.9756263e+002  5.5875071e+001
  1.9149853e+002  6.1912026e+001
  1.7939747e+002  6.1884876e+001
  1.6881244e+002  6.0348488e+001
  1.0989783e+002  2.5425587e+001
  8.7221916e+001  1.9324151e+001
  5.9991139e+001  2.0775697e+001
  4.4847846e+001  2.8304921e+001
  3.5744902e+001  4.0385618e+001
  3.8759985e+001  4.4930303e+001
  4.7852748e+001  3.7387503e+001
  6.4505280e+001  3.1374305e+001
  8.5682134e+001  3.1421817e+001
  1.0684881e+002  3.6007226e+001
  1.4772382e+002  2.0972533e+001
  1.6890407e+002  1.9507412e+001
  1.9613484e+002  1.8055867e+001
  2.0821893e+002  2.5646179e+001
  2.1877003e+002  4.2308891e+001
  2.1422535e+002  4.5323975e+001
  2.0366068e+002  3.4711792e+001
  1.9308243e+002  3.0150139e+001
  1.7190558e+002  3.0102627e+001
  1.5223457e+002  3.3083773e+001
  1.1437464e+002  5.2663151e+001
  1.1433731e+002  6.9302108e+001
  1.0825284e+002  8.4414857e+001
  9.7633869e+001  9.8004793e+001
  1.0212765e+002  1.1767920e+002
  1.2332826e+002  1.0713828e+002
  1.3542932e+002  1.0716543e+002
  1.5506978e+002  1.1779798e+002
  1.5964501e+002  1.0116920e+002
  1.4909052e+002  8.6019120e+001
  1.4156469e+002  6.9363195e+001
  1.3857676e+002  5.2717451e+001
  8.6902906e+001  1.6151160e+002
  1.0054035e+002  1.5095371e+002
  1.1568365e+002  1.4342449e+002
  1.2778131e+002  1.4496427e+002
  1.4139840e+002  1.4348218e+002
  1.5348588e+002  1.4955986e+002
  1.6859184e+002  1.5866959e+002
  1.5345194e+002  1.6468619e+002
  1.4134749e+002  1.6617167e+002
  1.2622117e+002  1.6613773e+002
  1.1563274e+002  1.6611398e+002
  1.0353508e+002  1.6457419e+002
  1.0203941e+002  1.5700764e+002
  1.1263463e+002  1.5400613e+002
  1.2776095e+002  1.5404007e+002
  1.4439991e+002  1.5407740e+002
  1.5801020e+002  1.5562057e+002
  1.4439651e+002  1.5559003e+002
  1.2775756e+002  1.5555270e+002
  1.1263123e+002  1.5551876e+002
  2.0591428e+001  5.2452740e+001
  1.7508469e+001  7.8160704e+001
  1.4418724e+001  1.0689393e+002
  1.5870269e+001  1.3412471e+002
  2.1859712e+001  1.6136567e+002
  3.2393839e+001  1.8559154e+002
  5.0497916e+001  2.0680912e+002
  7.4669491e+001  2.2047711e+002
  9.8847854e+001  2.3111984e+002
  1.2757769e+002  2.3572222e+002
  1.5330262e+002  2.3124201e+002
  1.7904113e+002  2.2071128e+002
  1.9873589e+002  2.0714171e+002
  2.1845441e+002  1.8298371e+002
  2.2758451e+002  1.5880195e+002
  2.3520197e+002  1.3461680e+002
  2.3980435e+002  1.0588697e+002
  2.3381151e+002  8.0158639e+001
  2.2933131e+002  5.4433707e+001
