  1.0159939e+002  5.3842252e+001
  9.4140353e+001  4.9165299e+001
  8.3632501e+001  4.5938663e+001
  7.1526149e+001  4.7211157e+001
  6.3889291e+001  5.1591741e+001
  7.1318691e+001  5.7778283e+001
  8.1885817e+001  5.7985741e+001
  9.2482579e+001  5.6683609e+001
  1.5899342e+002  5.3458863e+001
  1.6816951e+002  4.7598326e+001
  1.7879591e+002  4.4786605e+001
  1.9081335e+002  4.8042879e+001
  1.9972270e+002  5.5768647e+001
  1.9057625e+002  6.0119594e+001
  1.7846990e+002  6.1392089e+001
  1.6648210e+002  5.6626226e+001
  9.1802822e+001  1.4385469e+001
  7.5197339e+001  1.4059464e+001
  5.7052629e+001  1.5213411e+001
  4.7787635e+001  2.5602716e+001
  4.1630730e+001  3.1522526e+001
  4.7639450e+001  3.3150663e+001
  5.2227492e+001  3.0220395e+001
  5.9864350e+001  2.5839811e+001
  7.6529107e+001  2.3146637e+001
  9.1654638e+001  2.1933416e+001
  1.5665589e+002  1.8679033e+001
  1.6876224e+002  1.7406538e+001
  1.8536773e+002  1.7732544e+001
  1.9889476e+002  2.1018454e+001
  2.0771520e+002  3.3272990e+001
  2.0306788e+002  3.9222438e+001
  1.9560885e+002  3.4545485e+001
  1.8365068e+002  2.8270033e+001
  1.6861406e+002  2.4954485e+001
  1.5650771e+002  2.6226980e+001
  1.1823451e+002  5.2658668e+001
  1.1480042e+002  7.3733646e+001
  1.0988637e+002  9.3269397e+001
  9.4553379e+001  1.0504974e+002
  1.0020646e+002  1.2479295e+002
  1.1838080e+002  1.2212942e+002
  1.3951506e+002  1.2254433e+002
  1.5913972e+002  1.2292961e+002
  1.6248490e+002  1.0638340e+002
  1.4916533e+002  9.2530366e+001
  1.4197302e+002  7.4267109e+001
  1.4087835e+002  5.3103221e+001
  9.1887952e+001  1.6389409e+002
  1.0414249e+002  1.5507365e+002
  1.1630811e+002  1.5078198e+002
  1.2832556e+002  1.5403825e+002
  1.4197113e+002  1.5128581e+002
  1.5398858e+002  1.5454208e+002
  1.6893629e+002  1.6238639e+002
  1.5671139e+002  1.6969725e+002
  1.4297690e+002  1.7697846e+002
  1.2933132e+002  1.7973091e+002
  1.1580429e+002  1.7644500e+002
  1.0233653e+002  1.7013991e+002
  1.0248471e+002  1.6259196e+002
  1.1763988e+002  1.5986915e+002
  1.2965732e+002  1.6312543e+002
  1.4031336e+002  1.5880412e+002
  1.5839880e+002  1.6066935e+002
  1.4025409e+002  1.6182329e+002
  1.2962769e+002  1.6463502e+002
  1.1610066e+002  1.6134911e+002
  1.8690520e+001  4.6173867e+001
  1.8157057e+001  7.3346477e+001
  2.0642772e+001  1.0057836e+002
  2.6177303e+001  1.2635993e+002
  3.1711834e+001  1.5214149e+002
  4.1775134e+001  1.7801197e+002
  5.4916885e+001  2.0092254e+002
  7.7234721e+001  2.1797258e+002
  1.0260137e+002  2.3357230e+002
  1.2974435e+002  2.3561535e+002
  1.5549628e+002  2.3159041e+002
  1.7837721e+002  2.1995825e+002
  1.9684793e+002  2.0219882e+002
  2.0936919e+002  1.7979207e+002
  2.1588174e+002  1.5575719e+002
  2.2088470e+002  1.3169267e+002
  2.2591729e+002  1.0611856e+002
  2.3245948e+002  8.0574088e+001
  2.3142408e+002  5.6391021e+001
