  1.0874570e+002  5.3611204e+001
  9.6745654e+001  4.4401331e+001
  8.3182655e+001  3.9712458e+001
  6.8023123e+001  4.2569776e+001
  5.5838421e+001  4.9998456e+001
  6.6393016e+001  5.3141159e+001
  8.1485399e+001  5.6334224e+001
  9.5115547e+001  5.4972714e+001
  1.5109838e+002  5.4081249e+001
  1.6329987e+002  4.5139973e+001
  1.7543421e+002  4.2249081e+001
  1.8903078e+002  4.3912762e+001
  2.0104761e+002  5.1610039e+001
  1.8740067e+002  5.4484145e+001
  1.7524955e+002  5.8887634e+001
  1.6165297e+002  5.7223952e+001
  1.1061083e+002  2.1863481e+001
  8.6476444e+001  1.5544501e+001
  6.5384040e+001  7.7465000e+000
  5.0174146e+001  1.5141605e+001
  3.9518827e+001  2.1074477e+001
  4.2426507e+001  3.1696222e+001
  5.1535656e+001  2.8771754e+001
  6.5165805e+001  2.7410244e+001
  8.3300166e+001  2.9124288e+001
  1.0896393e+002  3.3947460e+001
  1.4388793e+002  2.2232802e+001
  1.6509785e+002  1.9442634e+001
  1.8178676e+002  1.5089507e+001
  2.0145050e+002  1.5307742e+001
  2.1195474e+002  2.2988232e+001
  2.0884561e+002  3.0517636e+001
  1.9676163e+002  2.8870742e+001
  1.8313148e+002  3.0232251e+001
  1.6494676e+002  3.3055995e+001
  1.4524944e+002  3.5862951e+001
  1.1936744e+002  5.0703524e+001
  1.1908206e+002  7.6417651e+001
  1.0973789e+002  1.0051846e+002
  9.9015416e+001  1.1250171e+002
  1.0491471e+002  1.2618222e+002
  1.2007425e+002  1.2332491e+002
  1.3822539e+002  1.2352635e+002
  1.5331778e+002  1.2671942e+002
  1.5798986e+002  1.1466902e+002
  1.4906537e+002  1.0095493e+002
  1.4025840e+002  7.6652674e+001
  1.4056057e+002  4.9425951e+001
  9.0965605e+001  1.5628305e+002
  1.0461254e+002  1.5340895e+002
  1.1825948e+002  1.5053484e+002
  1.2881407e+002  1.5367754e+002
  1.4094841e+002  1.5078665e+002
  1.5604080e+002  1.5397972e+002
  1.6962058e+002  1.5715599e+002
  1.5436033e+002  1.6908889e+002
  1.4219241e+002  1.7500497e+002
  1.2856226e+002  1.7636648e+002
  1.1496569e+002  1.7470280e+002
  1.0595726e+002  1.6855169e+002
  9.8495009e+001  1.5939218e+002
  1.1666294e+002  1.5808103e+002
  1.2874692e+002  1.5972793e+002
  1.4236029e+002  1.5987901e+002
  1.6051143e+002  1.6008046e+002
  1.4232671e+002  1.6290420e+002
  1.2871335e+002  1.6275312e+002
  1.1661258e+002  1.6261882e+002
  2.1065506e+001  4.8099752e+001
  2.2275930e+001  7.5343262e+001
  2.4998950e+001  1.0260356e+002
  3.0747161e+001  1.2989743e+002
  3.3453393e+001  1.5867032e+002
  4.0747774e+001  1.8295579e+002
  5.7134518e+001  2.0582939e+002
  7.5067431e+001  2.2569458e+002
  1.0215985e+002  2.3809752e+002
  1.2933622e+002  2.4293748e+002
  1.5360490e+002  2.3715569e+002
  1.7646171e+002  2.2228155e+002
  1.9330171e+002  2.0431506e+002
  2.0565428e+002  1.8176042e+002
  2.1501524e+002  1.5614702e+002
  2.1832582e+002  1.3046647e+002
  2.2314899e+002  1.0480270e+002
  2.2494697e+002  7.9105360e+001
  2.2825754e+002  5.3424807e+001
