  1.0049163e+002  5.6286316e+001
  9.1267569e+001  4.5720793e+001
  7.9056394e+001  4.1267771e+001
  6.5393139e+001  4.4434635e+001
  5.4827616e+001  5.3658694e+001
  6.5531407e+001  5.9646755e+001
  7.7714929e+001  6.1057353e+001
  8.9870798e+001  5.9425527e+001
  1.5524143e+002  5.4267343e+001
  1.6429957e+002  4.6578323e+001
  1.7642779e+002  4.1904073e+001
  1.8861131e+002  4.3314671e+001
  1.9782154e+002  5.2358983e+001
  1.9027079e+002  5.8512964e+001
  1.7812875e+002  6.1666002e+001
  1.6441018e+002  5.8748018e+001
  1.1693460e+002  2.4188771e+001
  9.4033459e+001  1.5268901e+001
  5.5989333e+001  1.4093357e+001
  3.7859230e+001  2.7950185e+001
  3.3406208e+001  4.0161361e+001
  4.1053748e+001  4.4655863e+001
  4.5520597e+001  3.3965899e+001
  5.7648812e+001  2.9291649e+001
  8.8100705e+001  3.2057539e+001
  1.1249540e+002  3.7921159e+001
  1.4428876e+002  2.0897467e+001
  1.6858667e+002  1.6112603e+001
  1.9898326e+002  1.2793645e+001
  2.1277095e+002  2.3317688e+001
  2.1741755e+002  3.2403480e+001
  2.0986680e+002  3.8557461e+001
  2.0371281e+002  3.1006708e+001
  1.9606527e+002  2.6512206e+001
  1.7020467e+002  2.6747260e+001
  1.4894918e+002  3.1504470e+001
  1.1567609e+002  5.3105625e+001
  1.1133369e+002  7.7486497e+001
  1.0386589e+002  9.2767750e+001
  9.4876889e+001  1.0806283e+002
  9.8043753e+001  1.2172608e+002
  1.1777803e+002  1.1698270e+002
  1.3146894e+002  1.1685826e+002
  1.5282121e+002  1.2274953e+002
  1.5878162e+002  1.0900332e+002
  1.4648748e+002  9.5423026e+001
  1.3870167e+002  7.5716404e+001
  1.3545185e+002  5.2925878e+001
  8.6247379e+001  1.6290942e+002
  9.9882980e+001  1.5670013e+002
  1.1657483e+002  1.5198440e+002
  1.2725097e+002  1.5493004e+002
  1.3787180e+002  1.5179083e+002
  1.5157653e+002  1.5318760e+002
  1.6839282e+002  1.6216278e+002
  1.5629226e+002  1.6987945e+002
  1.4264283e+002  1.7456753e+002
  1.2593716e+002  1.7776205e+002
  1.0919000e+002  1.7639293e+002
  9.5443784e+001  1.7043252e+002
  9.5374651e+001  1.6282646e+002
  1.0754435e+002  1.6271585e+002
  1.2581272e+002  1.6407114e+002
  1.4251840e+002  1.6087662e+002
  1.5773051e+002  1.6073835e+002
  1.4251840e+002  1.6087662e+002
  1.2581272e+002  1.6407114e+002
  1.0754435e+002  1.6271585e+002
  2.4375723e+001  5.0892805e+001
  2.4596951e+001  7.5232196e+001
  2.4832005e+001  1.0109280e+002
  2.8109483e+001  1.2692575e+002
  3.2908173e+001  1.5274487e+002
  4.2242846e+001  1.7548009e+002
  5.9155925e+001  1.9510375e+002
  7.7562562e+001  2.1167116e+002
  1.0049136e+002  2.2363346e+002
  1.2639344e+002  2.2796204e+002
  1.5526881e+002  2.2465691e+002
  1.7799021e+002  2.1380102e+002
  1.9916273e+002  1.9991654e+002
  2.1571632e+002  1.7998869e+002
  2.2766478e+002  1.5553869e+002
  2.3350075e+002  1.2810157e+002
  2.3782933e+002  1.0219948e+002
  2.3759428e+002  7.6338879e+001
  2.3735922e+002  5.0478276e+001
