  9.8106997e+001  5.2904831e+001
  9.0530035e+001  4.6791621e+001
  7.8379185e+001  4.3700379e+001
  6.6209443e+001  4.5170428e+001
  5.5534940e+001  5.2728498e+001
  6.6159062e+001  5.7333873e+001
  7.6795778e+001  5.8898387e+001
  8.7445090e+001  5.7422040e+001
  1.5587706e+002  5.4664570e+001
  1.6350441e+002  4.8614336e+001
  1.7720717e+002  4.4109723e+001
  1.8935802e+002  4.7200965e+001
  1.9845542e+002  5.3320473e+001
  1.8932024e+002  5.6323548e+001
  1.7714420e+002  5.9314029e+001
  1.6650118e+002  5.9269945e+001
  1.0279424e+002  2.2515112e+001
  7.8492542e+001  1.6332628e+001
  5.7212811e+001  1.4724031e+001
  4.5030473e+001  1.9234942e+001
  3.5870104e+001  2.8319740e+001
  4.1914041e+001  3.7467514e+001
  4.9535087e+001  3.2937710e+001
  5.8670266e+001  2.9934634e+001
  7.8429566e+001  3.1536934e+001
  1.0272497e+002  3.9239848e+001
  1.4536000e+002  2.4211875e+001
  1.6970578e+002  1.9751345e+001
  1.9555940e+002  1.8337974e+001
  2.1073852e+002  2.4482672e+001
  2.1830918e+002  3.2116313e+001
  2.1372270e+002  3.8179143e+001
  2.0765357e+002  3.5113091e+001
  1.9398229e+002  3.2015551e+001
  1.7116954e+002  3.3441518e+001
  1.4835048e+002  3.6387915e+001
  1.1788519e+002  4.9945839e+001
  1.1779702e+002  7.1231867e+001
  1.1010041e+002  9.4006838e+001
  9.9388119e+001  1.1068749e+002
  1.0692730e+002  1.2592329e+002
  1.1759550e+002  1.1988565e+002
  1.3584067e+002  1.1996122e+002
  1.5103238e+002  1.2306506e+002
  1.5565665e+002  1.0787964e+002
  1.4659074e+002  9.4157980e+001
  1.3908305e+002  7.1320033e+001
  1.3917122e+002  5.0034005e+001
  8.5496423e+001  1.6080502e+002
  9.9192893e+001  1.5782084e+002
  1.1593652e+002  1.5332882e+002
  1.2808737e+002  1.5642006e+002
  1.3874298e+002  1.5342329e+002
  1.5394099e+002  1.5500669e+002
  1.6912640e+002  1.5963096e+002
  1.5846450e+002  1.6414817e+002
  1.4322870e+002  1.7168735e+002
  1.2649137e+002  1.7465893e+002
  1.1130596e+002  1.7003467e+002
  1.0067554e+002  1.6694972e+002
  9.9174001e+001  1.6238213e+002
  1.1590504e+002  1.6093097e+002
  1.2654175e+002  1.6249549e+002
  1.4327279e+002  1.6104433e+002
  1.5848339e+002  1.5958688e+002
  1.4326649e+002  1.6256476e+002
  1.2652916e+002  1.6553635e+002
  1.1437201e+002  1.6396554e+002
  1.7536771e+001  4.9530197e+001
  1.7423414e+001  7.6897948e+001
  1.8836785e+001  1.0275157e+002
  2.4811448e+001  1.2862408e+002
  3.2312840e+001  1.5298245e+002
  4.2855092e+001  1.7735343e+002
  5.7971232e+001  1.9870243e+002
  7.9187987e+001  2.1551533e+002
  1.0195666e+002  2.2473238e+002
  1.2626466e+002  2.2939443e+002
  1.5213087e+002  2.2494020e+002
  1.7650184e+002  2.1439795e+002
  1.9633671e+002  1.9775508e+002
  2.1314962e+002  1.7653833e+002
  2.2540123e+002  1.5530268e+002
  2.3158371e+002  1.3100098e+002
  2.3626466e+002  1.0213169e+002
  2.3788585e+002  7.7811100e+001
  2.3798661e+002  5.3484210e+001
