  1.0150564e+002  5.6245413e+001
  9.3937887e+001  5.0183586e+001
  8.0312027e+001  4.5632334e+001
  6.8196741e+001  4.7139190e+001
  5.7592031e+001  5.4704153e+001
  6.8190232e+001  5.7739251e+001
  7.8789364e+001  5.9260054e+001
  9.2419874e+001  5.6239834e+001
  1.5602117e+002  5.4764593e+001
  1.6511159e+002  4.7198700e+001
  1.7722687e+002  4.5691844e+001
  1.8933937e+002  4.8727872e+001
  1.9842049e+002  5.6304923e+001
  1.8781857e+002  5.9327003e+001
  1.7570421e+002  5.9319565e+001
  1.6510508e+002  5.7798761e+001
  1.1061186e+002  2.2936514e+001
  8.7901166e+001  1.6865388e+001
  5.9131431e+001  1.3819132e+001
  4.0953388e+001  2.4408036e+001
  3.3374477e+001  3.6517742e+001
  3.7912711e+001  4.4092004e+001
  4.8519282e+001  3.3498452e+001
  6.2150721e+001  2.8963937e+001
  8.6378503e+001  3.0493109e+001
  1.0757677e+002  3.3534716e+001
  1.4695493e+002  2.2958830e+001
  1.6664355e+002  1.8428035e+001
  1.9087319e+002  1.6928618e+001
  2.0449719e+002  2.4508459e+001
  2.1660597e+002  3.3601664e+001
  2.1054507e+002  3.9655123e+001
  2.0146302e+002  3.3592366e+001
  1.8935053e+002  3.0556338e+001
  1.6966470e+002  3.0544250e+001
  1.4997701e+002  3.3560751e+001
  1.1816567e+002  5.1712758e+001
  1.1815358e+002  7.1398586e+001
  1.1359861e+002  9.1081625e+001
  1.0147496e+002  1.0621713e+002
  1.0600947e+002  1.1984857e+002
  1.2267043e+002  1.1380162e+002
  1.4235626e+002  1.1381371e+002
  1.5598212e+002  1.1836496e+002
  1.6053430e+002  1.0322481e+002
  1.4994261e+002  8.9589647e+001
  1.4238229e+002  7.1413464e+001
  1.4088009e+002  5.1726706e+001
  8.7814691e+001  1.5769477e+002
  1.0144706e+002  1.5164596e+002
  1.1356606e+002  1.4408193e+002
  1.3022144e+002  1.4712075e+002
  1.4839577e+002  1.4258902e+002
  1.5899211e+002  1.4865271e+002
  1.7412855e+002  1.5926207e+002
  1.5443714e+002  1.6833575e+002
  1.4231999e+002  1.7287119e+002
  1.2869041e+002  1.7437712e+002
  1.1354840e+002  1.7285353e+002
  9.9923467e+001  1.6678798e+002
  9.8412892e+001  1.6072987e+002
  1.1355677e+002  1.5922488e+002
  1.2870064e+002  1.5771988e+002
  1.4687218e+002  1.5773104e+002
  1.5898560e+002  1.5925277e+002
  1.4687218e+002  1.5773104e+002
  1.2870064e+002  1.5771988e+002
  1.1355677e+002  1.5922488e+002
  1.8223164e+001  5.0137094e+001
  1.6692132e+001  7.7393464e+001
  1.5161101e+001  1.0464984e+002
  1.6657728e+001  1.3342236e+002
  2.2700028e+001  1.5765479e+002
  3.3284282e+001  1.8340431e+002
  4.9929434e+001  2.0310036e+002
  7.4147917e+001  2.1977248e+002
  9.8368260e+001  2.3341601e+002
  1.2713800e+002  2.3646226e+002
  1.5136857e+002  2.3344855e+002
  1.7863238e+002  2.2286523e+002
  1.9681414e+002  2.0621915e+002
  2.1348532e+002  1.8351496e+002
  2.2107260e+002  1.5777660e+002
  2.2563223e+002  1.3052209e+002
  2.2716233e+002  1.0478001e+002
  2.3020672e+002  7.9038867e+001
  2.2870824e+002  5.3294931e+001
