  9.7191719e+001  5.3476864e+001
  8.9612855e+001  4.7380261e+001
  7.7468692e+001  4.4309482e+001
  6.5308181e+001  4.7314872e+001
  5.6173493e+001  5.4885562e+001
  6.6798615e+001  5.7952254e+001
  7.7427823e+001  5.9499904e+001
  8.9584248e+001  5.8013556e+001
  1.5643028e+002  5.5155293e+001
  1.6556088e+002  4.9103645e+001
  1.7772139e+002  4.6098256e+001
  1.8835060e+002  4.7645906e+001
  1.9896755e+002  5.3750682e+001
  1.8832199e+002  5.8279201e+001
  1.7616556e+002  5.9765548e+001
  1.6553636e+002  5.8217898e+001
  1.0485641e+002  2.7673581e+001
  9.2732676e+001  1.7007591e+001
  5.7798793e+001  1.5394552e+001
  4.2592024e+001  2.1429852e+001
  3.6499508e+001  2.7489674e+001
  3.7998116e+001  3.5088971e+001
  4.7120543e+001  3.2075408e+001
  5.9281054e+001  2.9070018e+001
  8.6619726e+001  3.0662624e+001
  9.8759803e+001  3.5252445e+001
  1.4586646e+002  2.9302968e+001
  1.6411949e+002  2.0237757e+001
  1.9755067e+002  1.5770541e+001
  2.0968666e+002  2.1879404e+001
  2.1726553e+002  2.7976007e+001
  2.1268797e+002  3.5558958e+001
  2.0358189e+002  3.2496352e+001
  1.9295676e+002  2.9429660e+001
  1.6712488e+002  3.2398268e+001
  1.5039906e+002  3.8429482e+001
  1.1846240e+002  5.2015038e+001
  1.1689023e+002  7.1758499e+001
  1.1076501e+002  8.9970658e+001
  1.0007859e+002  1.0968960e+002
  1.0611798e+002  1.2337733e+002
  1.2130840e+002  1.2341819e+002
  1.3801786e+002  1.2346315e+002
  1.5168516e+002  1.2501897e+002
  1.5780219e+002  1.0984490e+002
  1.4721794e+002  9.1587784e+001
  1.4119490e+002  7.1823889e+001
  1.3972899e+002  5.2072253e+001
  8.7795474e+001  1.5826625e+002
  9.9951898e+001  1.5677991e+002
  1.1515458e+002  1.5226365e+002
  1.2881779e+002  1.5533851e+002
  1.3945926e+002  1.5232904e+002
  1.5464150e+002  1.5540799e+002
  1.7287410e+002  1.5393799e+002
  1.5765098e+002  1.6604946e+002
  1.4244421e+002  1.7208476e+002
  1.2724970e+002  1.7356293e+002
  1.1358241e+002  1.7200711e+002
  1.0143825e+002  1.6893633e+002
  9.9943725e+001  1.5981799e+002
  1.1361510e+002  1.5985477e+002
  1.2880553e+002  1.5989564e+002
  1.4551908e+002  1.5842155e+002
  1.5919046e+002  1.5845834e+002
  1.4551908e+002  1.5842155e+002
  1.2880553e+002  1.5989564e+002
  1.1361510e+002  1.5985477e+002
  1.5171615e+001  5.0218091e+001
  1.5106226e+001  7.4522765e+001
  1.6551705e+001  1.0186961e+002
  2.4077439e+001  1.2771376e+002
  3.1607261e+001  1.5203887e+002
  4.3698296e+001  1.7485720e+002
  5.7304286e+001  1.9919866e+002
  7.5483750e+001  2.1747620e+002
  9.9755730e+001  2.2969393e+002
  1.2708214e+002  2.3584366e+002
  1.5291403e+002  2.3287505e+002
  1.7725140e+002  2.2078811e+002
  1.9553712e+002  1.9957056e+002
  2.0926572e+002  1.7834075e+002
  2.2148345e+002  1.5406877e+002
  2.2914405e+002  1.2978453e+002
  2.3377065e+002  1.0397307e+002
  2.3535917e+002  7.8153441e+001
  2.3542864e+002  5.2329724e+001
