  9.9891681e+001  5.3368329e+001
  9.2350847e+001  4.7332254e+001
  8.0283683e+001  4.4311931e+001
  6.8215272e+001  4.5817105e+001
  5.9163030e+001  5.0340110e+001
  6.8213195e+001  5.3359602e+001
  7.8772274e+001  5.4871011e+001
  9.0840269e+001  5.4874335e+001
  1.5268999e+002  5.0365876e+001
  1.6174223e+002  4.5842872e+001
  1.7381064e+002  4.4337697e+001
  1.8587822e+002  4.5849521e+001
  1.9643647e+002  5.0377928e+001
  1.8738464e+002  5.3392433e+001
  1.7380773e+002  5.4897193e+001
  1.6174015e+002  5.3385368e+001
  1.0593316e+002  2.6217003e+001
  8.7834076e+001  1.5652521e+001
  5.6156005e+001  1.4135294e+001
  4.4086763e+001  1.8657468e+001
  3.8050272e+001  2.7706801e+001
  4.2573692e+001  3.5250545e+001
  5.0117436e+001  3.0727125e+001
  5.9169263e+001  2.7712620e+001
  8.3304838e+001  2.9227768e+001
  1.0291408e+002  3.3758669e+001
  1.4968006e+002  2.4720556e+001
  1.6778413e+002  1.7183046e+001
  1.9493836e+002  1.2665029e+001
  2.0549578e+002  2.0210435e+001
  2.1454470e+002  2.7755425e+001
  2.1001837e+002  3.0771177e+001
  2.0247670e+002  2.7752100e+001
  1.9040954e+002  2.4731777e+001
  1.7079822e+002  2.7743373e+001
  1.5269456e+002  3.3772383e+001
  1.1346942e+002  4.8846572e+001
  1.1497169e+002  7.1474478e+001
  1.0893104e+002  9.5608805e+001
  9.9875889e+001  1.1069131e+002
  1.0439723e+002  1.2577755e+002
  1.2099072e+002  1.2578212e+002
  1.3758422e+002  1.2578669e+002
  1.5568621e+002  1.2579168e+002
  1.5870736e+002  1.1070751e+002
  1.4815202e+002  9.5619610e+001
  1.4212426e+002  7.2990458e+001
  1.4213091e+002  4.8854468e+001
  8.9302679e+001  1.6046888e+002
  1.0288000e+002  1.5745562e+002
  1.1494883e+002  1.5444194e+002
  1.2701599e+002  1.5746227e+002
  1.3908441e+002  1.5595709e+002
  1.5115157e+002  1.5897742e+002
  1.6321832e+002  1.6350624e+002
  1.5114783e+002  1.7255391e+002
  1.4058625e+002  1.8009350e+002
  1.2700935e+002  1.8159826e+002
  1.1192477e+002  1.8008560e+002
  1.0136777e+002  1.7103170e+002
  1.0287793e+002  1.6499811e+002
  1.1494592e+002  1.6500144e+002
  1.2701350e+002  1.6651326e+002
  1.4360741e+002  1.6500933e+002
  1.5416691e+002  1.6501224e+002
  1.4360699e+002  1.6651783e+002
  1.2701267e+002  1.6953026e+002
  1.1494551e+002  1.6650994e+002
  2.5976459e+001  4.8822468e+001
  2.4461311e+001  7.2958042e+001
  2.8979744e+001  9.8603778e+001
  3.3498177e+001  1.2424951e+002
  3.9525109e+001  1.4989567e+002
  4.8569456e+001  1.7403415e+002
  6.2140132e+001  1.9515688e+002
  7.8728222e+001  2.1477194e+002
  1.0285923e+002  2.3288058e+002
  1.2699438e+002  2.3590423e+002
  1.5113162e+002  2.3138538e+002
  1.7527135e+002  2.1781554e+002
  1.9337833e+002  1.9971853e+002
  2.0846914e+002  1.7860370e+002
  2.1903570e+002  1.5296212e+002
  2.2356785e+002  1.2882737e+002
  2.2659233e+002  1.0167522e+002
  2.2961639e+002  7.6031560e+001
  2.2962346e+002  5.0387071e+001
