  1.0139543e+002  5.1825054e+001
  9.2443160e+001  4.5684620e+001
  8.1925967e+001  4.4040197e+001
  6.8338558e+001  4.6871909e+001
  5.7721988e+001  5.2753963e+001
  7.1229896e+001  5.5943432e+001
  8.1747088e+001  5.7587856e+001
  9.3809327e+001  5.6241563e+001
  1.5558606e+002  5.2540569e+001
  1.6321192e+002  4.5113470e+001
  1.7677945e+002  4.3787053e+001
  1.9026749e+002  4.8481818e+001
  1.9771446e+002  5.4602377e+001
  1.8711777e+002  5.8979135e+001
  1.7507540e+002  5.8820132e+001
  1.6455821e+002  5.7175708e+001
  1.0781412e+002  2.1798648e+001
  8.5393693e+001  9.4581530e+000
  6.1269215e+001  1.2150737e+001
  4.6057258e+001  2.3994347e+001
  3.8411528e+001  3.2926742e+001
  4.1342617e+001  3.8987674e+001
  5.3464482e+001  3.3125496e+001
  6.4061176e+001  2.8748738e+001
  8.5115437e+001  3.0532289e+001
  1.0315911e+002  3.2276089e+001
  1.5004189e+002  1.6333978e+001
  1.6663989e+002  1.3542017e+001
  1.9226967e+002  1.0869308e+001
  2.0565832e+002  2.3090550e+001
  2.1451122e+002  3.6757461e+001
  2.1142112e+002  4.2738892e+001
  1.9801259e+002  3.2022946e+001
  1.8448481e+002  3.0338771e+001
  1.6640139e+002  3.1605562e+001
  1.5283386e+002  3.2931978e+001
  1.1646826e+002  5.0518513e+001
  1.1620988e+002  7.0087353e+001
  1.0842502e+002  8.9556817e+001
  1.0067991e+002  1.0601569e+002
  1.0650234e+002  1.2114815e+002
  1.2615069e+002  1.1538534e+002
  1.3819305e+002  1.1554435e+002
  1.5467180e+002  1.2178416e+002
  1.5942619e+002  1.0378024e+002
  1.4758258e+002  8.8568282e+001
  1.4330520e+002  7.0445111e+001
  1.4205828e+002  5.0856395e+001
  8.7882286e+001  1.6305791e+002
  1.0152932e+002  1.5571031e+002
  1.1668165e+002  1.4838259e+002
  1.3018956e+002  1.5157206e+002
  1.4227167e+002  1.4872047e+002
  1.5425441e+002  1.5339536e+002
  1.7071328e+002  1.6114047e+002
  1.5554108e+002  1.6997349e+002
  1.4195367e+002  1.7280520e+002
  1.2838613e+002  1.7413162e+002
  1.1483848e+002  1.7395274e+002
  1.0135044e+002  1.6925797e+002
  1.0146970e+002  1.6022620e+002
  1.1503723e+002  1.5889978e+002
  1.3007031e+002  1.6060383e+002
  1.4664843e+002  1.5931717e+002
  1.5869080e+002  1.5947617e+002
  1.4664843e+002  1.5931717e+002
  1.3007031e+002  1.6060383e+002
  1.1503723e+002  1.5889978e+002
  2.1654525e+001  4.7761066e+001
  1.8286176e+001  7.4816633e+001
  1.9413839e+001  1.0343712e+002
  2.3571967e+001  1.3059206e+002
  3.0760562e+001  1.5628146e+002
  4.0939873e+001  1.8351591e+002
  5.4169524e+001  2.0777951e+002
  7.5005155e+001  2.2612132e+002
  1.0041630e+002  2.4000686e+002
  1.2897716e+002  2.4339508e+002
  1.5462681e+002  2.3921707e+002
  1.7742487e+002  2.2295696e+002
  1.9572692e+002  2.0513192e+002
  2.0808729e+002  1.8120619e+002
  2.1442648e+002  1.5720097e+002
  2.1930012e+002  1.3016528e+002
  2.2114330e+002  1.0459513e+002
  2.2148118e+002  7.9005110e+001
  2.2181906e+002  5.3415088e+001
