  1.0361024e+002  5.7235297e+001
  9.5924783e+001  4.9809649e+001
  8.3757959e+001  4.5484164e+001
  7.1721038e+001  4.8714230e+001
  6.1247189e+001  5.4940536e+001
  7.0391793e+001  5.9317982e+001
  8.1021526e+001  6.2158338e+001
  9.4595537e+001  6.0413401e+001
  1.5644713e+002  5.3303752e+001
  1.6241363e+002  4.8666498e+001
  1.7445055e+002  4.5436432e+001
  1.8810251e+002  4.8224826e+001
  1.9724711e+002  5.2602273e+001
  1.8825839e+002  5.7291488e+001
  1.7622147e+002  6.0521554e+001
  1.6256952e+002  5.7733160e+001
  1.0454977e+002  2.3964891e+001
  8.1727235e+001  1.5287940e+001
  6.0545711e+001  1.4140559e+001
  5.0123823e+001  2.3389085e+001
  4.2750137e+001  3.4096761e+001
  4.7335429e+001  3.7041039e+001
  5.4813038e+001  3.2377805e+001
  6.5338848e+001  2.9173719e+001
  8.1961061e+001  2.8887932e+001
  1.0465370e+002  3.0009332e+001
  1.5142017e+002  2.4670599e+001
  1.7241983e+002  1.5240208e+001
  1.9047521e+002  1.0395109e+001
  2.0423109e+002  1.9227944e+001
  2.0897226e+002  3.1238884e+001
  2.0449089e+002  3.4339047e+001
  1.9836851e+002  2.9909639e+001
  1.8771280e+002  2.5558173e+001
  1.7262768e+002  2.7329090e+001
  1.5454631e+002  3.0663079e+001
  1.2015451e+002  5.2416178e+001
  1.1900713e+002  7.3597702e+001
  1.1324847e+002  9.0323838e+001
  9.8345217e+001  1.0267253e+002
  1.0167921e+002  1.2075389e+002
  1.2296465e+002  1.2794571e+002
  1.4263507e+002  1.2911907e+002
  1.6063849e+002  1.2125175e+002
  1.6337492e+002  1.0457758e+002
  1.4951512e+002  8.9700301e+001
  1.4472198e+002  7.4667141e+001
  1.4282116e+002  5.2026468e+001
  8.2632329e+001  1.5584717e+002
  9.9176600e+001  1.5102805e+002
  1.1572087e+002  1.4620894e+002
  1.2937282e+002  1.4899733e+002
  1.4143572e+002  1.4727837e+002
  1.5209144e+002  1.5162984e+002
  1.7032868e+002  1.5736251e+002
  1.5386236e+002  1.6671496e+002
  1.4187740e+002  1.7296725e+002
  1.2830338e+002  1.7471219e+002
  1.1314032e+002  1.7194977e+002
  1.0094752e+002  1.6611318e+002
  9.4773172e+001  1.5866155e+002
  1.1290650e+002  1.5834978e+002
  1.2804358e+002  1.5960108e+002
  1.4617690e+002  1.5928931e+002
  1.5977689e+002  1.5905549e+002
  1.4617690e+002  1.5928931e+002
  1.2804358e+002  1.5960108e+002
  1.1290650e+002  1.5834978e+002
  1.5861921e+001  5.2697736e+001
  1.0259152e+001  7.8490533e+001
  1.3749025e+001  1.0563856e+002
  2.1746248e+001  1.3119753e+002
  2.6747231e+001  1.5831957e+002
  3.6255564e+001  1.8385256e+002
  5.3241507e+001  2.0472231e+002
  7.3197708e+001  2.2251789e+002
  9.7583317e+001  2.3419108e+002
  1.2488722e+002  2.3976787e+002
  1.5203525e+002  2.3627799e+002
  1.7597919e+002  2.2226231e+002
  1.9682296e+002  2.0376526e+002
  2.1159631e+002  1.8386102e+002
  2.2170643e+002  1.5647917e+002
  2.2428698e+002  1.3073833e+002
  2.2681557e+002  1.0197528e+002
  2.3090723e+002  7.6208461e+001
  2.2593222e+002  5.0597529e+001
