  1.0248859e+002  5.0946367e+001
  9.3512893e+001  4.3246985e+001
  7.9908921e+001  4.1538606e+001
  6.7775696e+001  4.2879735e+001
  5.5556059e+001  5.0276675e+001
  6.6088919e+001  5.4969754e+001
  7.9692891e+001  5.6678133e+001
  9.1847719e+001  5.3823052e+001
  1.5547694e+002  5.1702471e+001
  1.6620423e+002  4.2769976e+001
  1.7833745e+002  4.1428847e+001
  1.8891352e+002  4.3094020e+001
  1.9940317e+002  5.0815005e+001
  1.8874069e+002  5.5205642e+001
  1.7812142e+002  5.6568374e+001
  1.6451745e+002  5.4859995e+001
  1.1044721e+002  2.3803233e+001
  8.6267173e+001  2.0429679e+001
  6.2087136e+001  1.7056126e+001
  4.8375149e+001  2.2917511e+001
  3.1592051e+001  3.1763594e+001
  3.2911577e+001  4.5410772e+001
  4.9694675e+001  3.6564688e+001
  6.4855805e+001  3.5266765e+001
  8.6072747e+001  3.4055254e+001
  1.0878204e+002  3.4379299e+001
  1.4072627e+002  2.4235292e+001
  1.6503592e+002  1.8525129e+001
  1.8774521e+002  1.8849173e+001
  2.0883254e+002  2.6721379e+001
  2.2235010e+002  3.4485569e+001
  2.1467232e+002  4.1947318e+001
  2.0262551e+002  3.7232636e+001
  1.8603683e+002  3.2453145e+001
  1.6631224e+002  3.5200212e+001
  1.4656605e+002  3.9461231e+001
  1.1767133e+002  4.8134491e+001
  1.1585493e+002  6.9308227e+001
  1.0951828e+002  8.8903200e+001
  9.7212235e+001  1.0235595e+002
  1.0149486e+002  1.2058819e+002
  1.1964069e+002  1.2236138e+002
  1.3478022e+002  1.2257741e+002
  1.5755432e+002  1.1835960e+002
  1.5777034e+002  1.0322007e+002
  1.4885945e+002  9.0978831e+001
  1.4157053e+002  7.1189430e+001
  1.4038062e+002  4.8458536e+001
  8.8821558e+001  1.5977814e+002
  1.0097639e+002  1.5692306e+002
  1.1464517e+002  1.5408958e+002
  1.2824914e+002  1.5579796e+002
  1.4187471e+002  1.5599239e+002
  1.5547868e+002  1.5770077e+002
  1.6754710e+002  1.6090150e+002
  1.5684142e+002  1.6832004e+002
  1.4161548e+002  1.7415982e+002
  1.2798990e+002  1.7396539e+002
  1.1436433e+002  1.7377097e+002
  1.0383147e+002  1.6907789e+002
  1.0088997e+002  1.6297887e+002
  1.1453715e+002  1.6165934e+002
  1.2664877e+002  1.6183217e+002
  1.4027435e+002  1.6202659e+002
  1.5087202e+002  1.6217782e+002
  1.4027435e+002  1.6202659e+002
  1.2664877e+002  1.6183217e+002
  1.1453715e+002  1.6165934e+002
  1.9286002e+001  4.5216345e+001
  2.0432704e+001  7.0975145e+001
  2.1557804e+001  9.8247897e+001
  2.7203158e+001  1.2709941e+002
  3.2870115e+001  1.5443697e+002
  4.1586581e+001  1.8030379e+002
  5.4888111e+001  2.0320751e+002
  7.7316564e+001  2.2321293e+002
  1.0136698e+002  2.3567021e+002
  1.3011048e+002  2.3759461e+002
  1.5896200e+002  2.3194926e+002
  1.7732386e+002  2.1858292e+002
  1.9572892e+002  2.0218868e+002
  2.0820780e+002  1.7662430e+002
  2.1465246e+002  1.4945957e+002
  2.2254627e+002  1.2685829e+002
  2.2896933e+002  1.0120751e+002
  2.3539239e+002  7.5556720e+001
  2.3725199e+002  5.1355079e+001
