  9.9451599e+001  5.4377411e+001
  9.0304645e+001  4.5499522e+001
  7.8220816e+001  4.1172688e+001
  6.4791872e+001  4.7382768e+001
  5.8895702e+001  5.4982808e+001
  6.7952968e+001  5.7852416e+001
  7.8489882e+001  5.9197532e+001
  9.0484022e+001  5.7516085e+001
  1.5653027e+002  5.3525371e+001
  1.6390609e+002  4.4400839e+001
  1.7435332e+002  3.9737674e+001
  1.8941886e+002  4.2517593e+001
  1.9706375e+002  5.1417904e+001
  1.8964308e+002  5.7538296e+001
  1.7614687e+002  5.9242165e+001
  1.6558754e+002  5.6394979e+001
  1.0794831e+002  1.9695262e+001
  8.8309289e+001  1.2476398e+001
  5.5218898e+001  9.9655440e+000
  4.1879642e+001  2.2183905e+001
  3.6095582e+001  3.7294296e+001
  4.0646637e+001  4.0231171e+001
  4.8067300e+001  3.4110779e+001
  6.2998315e+001  2.7878277e+001
  8.7053861e+001  2.9021593e+001
  1.0512355e+002  3.1756669e+001
  1.4402042e+002  2.0659202e+001
  1.6043109e+002  1.2902207e+001
  1.8293972e+002  1.1063805e+001
  2.0704011e+002  1.5211263e+001
  2.2694820e+002  4.0454970e+001
  2.1798062e+002  4.3593643e+001
  2.0578468e+002  3.1756458e+001
  1.8468843e+002  2.7564157e+001
  1.6370429e+002  3.0882207e+001
  1.5020808e+002  3.2586076e+001
  1.1290297e+002  4.9669402e+001
  1.1175965e+002  7.3724948e+001
  1.0602043e+002  9.1839480e+001
  9.5752584e+001  1.0851921e+002
  1.0198509e+002  1.2345022e+002
  1.1545888e+002  1.2024428e+002
  1.3198165e+002  1.1999764e+002
  1.5303305e+002  1.2118580e+002
  1.5731504e+002  1.0609783e+002
  1.4659875e+002  9.2736154e+001
  1.4029898e+002  7.3298928e+001
  1.3843816e+002  4.9288226e+001
  9.0529077e+001  1.6118136e+002
  1.0095388e+002  1.5501612e+002
  1.1438283e+002  1.4880604e+002
  1.2494216e+002  1.5165323e+002
  1.3691388e+002  1.4846971e+002
  1.5052220e+002  1.5427619e+002
  1.6567744e+002  1.6306439e+002
  1.4778713e+002  1.7234588e+002
  1.3583783e+002  1.7703147e+002
  1.2384369e+002  1.7871291e+002
  1.1028021e+002  1.7591057e+002
  9.8151539e+001  1.6857960e+002
  9.8039428e+001  1.6106925e+002
  1.1153564e+002  1.5936538e+002
  1.2507669e+002  1.6066565e+002
  1.4007497e+002  1.5893936e+002
  1.5514052e+002  1.6171928e+002
  1.4014224e+002  1.6344557e+002
  1.2512154e+002  1.6366979e+002
  1.1160291e+002  1.6387159e+002
  3.1791170e+001  5.0880195e+001
  3.2194768e+001  7.7917460e+001
  3.5580084e+001  1.0340781e+002
  3.8965401e+001  1.2889816e+002
  4.2350717e+001  1.5438851e+002
  4.8717752e+001  1.7833195e+002
  6.1048224e+001  1.9918156e+002
  7.7862484e+001  2.1846183e+002
  1.0059534e+002  2.3164413e+002
  1.2619780e+002  2.3576916e+002
  1.5469229e+002  2.3233900e+002
  1.7704397e+002  2.1998611e+002
  1.9782631e+002  2.0314943e+002
  2.1555967e+002  1.8335345e+002
  2.2571540e+002  1.5916337e+002
  2.3132009e+002  1.3203641e+002
  2.3692477e+002  1.0490946e+002
  2.3802324e+002  7.7849773e+001
  2.3461550e+002  5.0857352e+001
