  1.0294224e+002  5.4366666e+001
  8.9343377e+001  4.5253581e+001
  7.8753179e+001  4.3714774e+001
  6.6638690e+001  4.6712549e+001
  5.7551009e+001  4.9717582e+001
  6.5103511e+001  5.5789343e+001
  7.8713259e+001  6.0362216e+001
  9.0827748e+001  5.7364441e+001
  1.5591137e+002  5.4493685e+001
  1.6500631e+002  4.8461844e+001
  1.7864509e+002  4.0927487e+001
  1.9225847e+002  4.3986956e+001
  2.0132074e+002  5.1575750e+001
  1.9071240e+002  5.7603962e+001
  1.7859791e+002  6.0601737e+001
  1.6498454e+002  5.7542267e+001
  9.6964833e+001  2.2570669e+001
  8.0324648e+001  1.9503941e+001
  6.0661286e+001  1.4916551e+001
  4.7026135e+001  2.0937505e+001
  3.6406904e+001  3.1505928e+001
  4.0932599e+001  3.7570431e+001
  5.1540942e+001  3.1542219e+001
  6.2138398e+001  3.0054219e+001
  7.8785841e+001  3.0094139e+001
  9.6943058e+001  3.1651092e+001
  1.4993034e+002  2.4211091e+001
  1.6961548e+002  1.9718058e+001
  1.9535786e+002  1.3726137e+001
  2.0442376e+002  1.9801527e+001
  2.1348604e+002  2.7390321e+001
  2.0893131e+002  3.3433049e+001
  1.9986178e+002  2.8871063e+001
  1.9229839e+002  2.7339514e+001
  1.7109985e+002  3.1828918e+001
  1.5293537e+002  3.3298773e+001
  1.1657013e+002  5.1372521e+001
  1.1499503e+002  7.7096757e+001
  1.0890513e+002  9.2216279e+001
  9.8271378e+001  1.0883832e+002
  1.0428870e+002  1.2398687e+002
  1.2394844e+002  1.3008767e+002
  1.4059588e+002  1.3012759e+002
  1.5574443e+002  1.2411026e+002
  1.5880753e+002  1.0898348e+002
  1.4976340e+002  9.3827669e+001
  1.4223993e+002  7.5648677e+001
  1.3927119e+002  5.1426957e+001
  8.6048016e+001  1.5723821e+002
  1.0421975e+002  1.5274155e+002
  1.1633424e+002  1.4974377e+002
  1.2994399e+002  1.5431664e+002
  1.4205847e+002  1.5131887e+002
  1.5264504e+002  1.5437108e+002
  1.7079137e+002  1.6046825e+002
  1.5411490e+002  1.7253556e+002
  1.4350293e+002  1.8007717e+002
  1.2836889e+002  1.8004088e+002
  1.1172870e+002  1.7697415e+002
  1.0114939e+002  1.7089513e+002
  9.6634584e+001  1.6029042e+002
  1.1479543e+002  1.6033397e+002
  1.2992221e+002  1.6339707e+002
  1.4505988e+002  1.6191995e+002
  1.5716711e+002  1.6194899e+002
  1.4505988e+002  1.6191995e+002
  1.2840881e+002  1.6339344e+002
  1.1479180e+002  1.6184737e+002
  1.9723171e+001  4.6600046e+001
  1.9657847e+001  7.3841316e+001
  2.1109556e+001  9.9572810e+001
  2.5584444e+001  1.2682497e+002
  3.0062960e+001  1.5256372e+002
  4.0598722e+001  1.7680359e+002
  5.5681953e+001  1.9802753e+002
  7.6833316e+001  2.1321238e+002
  1.0102237e+002  2.2386427e+002
  1.2825276e+002  2.2846980e+002
  1.5246722e+002  2.2852787e+002
  1.7670708e+002  2.1799211e+002
  1.9944806e+002  2.0139910e+002
  2.1160247e+002  1.8175389e+002
  2.2074096e+002  1.5756120e+002
  2.2383309e+002  1.3032719e+002
  2.2843500e+002  1.0461021e+002
  2.3001010e+002  7.8885972e+001
  2.2856202e+002  5.1641074e+001
