  1.0089579e+002  5.6845652e+001
  9.0265581e+001  4.9289686e+001
  7.8129782e+001  4.6285521e+001
  6.4491901e+001  4.9349255e+001
  5.5409324e+001  5.5434675e+001
  6.6029024e+001  5.8442344e+001
  7.6645220e+001  5.9933915e+001
  9.0286606e+001  5.8386279e+001
  1.6153624e+002  5.5189390e+001
  1.7062232e+002  5.0620069e+001
  1.8122450e+002  4.6047244e+001
  1.9184070e+002  4.7538815e+001
  2.0246741e+002  5.3578682e+001
  1.9338133e+002  5.8148003e+001
  1.8125604e+002  5.9692134e+001
  1.7063984e+002  5.8200564e+001
  1.0383689e+002  1.7420074e+001
  6.7443505e+001  1.4471974e+001
  4.0164238e+001  1.9083344e+001
  2.9586587e+001  3.4268861e+001
  2.6578918e+001  4.4888560e+001
  3.2653826e+001  4.9422841e+001
  3.8697196e+001  4.0312231e+001
  4.9295872e+001  3.4223308e+001
  6.8998149e+001  3.1145557e+001
  1.0235232e+002  3.1068468e+001
  1.5690385e+002  1.8813530e+001
  1.7509003e+002  1.5739284e+001
  1.9630840e+002  1.2658029e+001
  2.2059402e+002  2.4730755e+001
  2.2518086e+002  4.1397330e+001
  2.1761087e+002  4.5963147e+001
  2.1303455e+002  3.3844868e+001
  1.9634695e+002  2.9335117e+001
  1.7512507e+002  3.0900272e+001
  1.5996758e+002  3.2451412e+001
  1.2059106e+002  5.0735704e+001
  1.1761493e+002  7.5000293e+001
  1.1158558e+002  9.0175298e+001
  9.9491825e+001  1.0536432e+002
  1.0256257e+002  1.2203440e+002
  1.2530405e+002  1.2198184e+002
  1.4046504e+002  1.2194680e+002
  1.6017783e+002  1.2341734e+002
  1.6165889e+002  1.0825285e+002
  1.5100765e+002  9.1600291e+001
  1.4490471e+002  7.4937220e+001
  1.4333605e+002  5.2199241e+001
  8.4442967e+001  1.5391452e+002
  1.0263615e+002  1.5387247e+002
  1.1779013e+002  1.5080524e+002
  1.2840983e+002  1.5381290e+002
  1.4053512e+002  1.5226877e+002
  1.5418001e+002  1.5223724e+002
  1.7237670e+002  1.5371129e+002
  1.5877035e+002  1.7041991e+002
  1.4362338e+002  1.7651935e+002
  1.2998200e+002  1.7806698e+002
  1.1178531e+002  1.7659293e+002
  9.8119393e+001  1.6752787e+002
  9.9614467e+001  1.5842778e+002
  1.1477546e+002  1.5839274e+002
  1.2842385e+002  1.5987730e+002
  1.3903654e+002  1.5985277e+002
  1.5571012e+002  1.5829813e+002
  1.4055965e+002  1.6288146e+002
  1.2843436e+002  1.6442560e+002
  1.1478246e+002  1.6142494e+002
  1.9008936e+001  4.9454377e+001
  1.9065001e+001  7.3711959e+001
  2.3672867e+001  9.9475127e+001
  2.9796831e+001  1.2523479e+002
  3.5917292e+001  1.4947836e+002
  4.5066446e+001  1.7219881e+002
  6.0276491e+001  1.9338916e+002
  7.6995627e+001  2.1154380e+002
  9.9768646e+001  2.2513613e+002
  1.2555284e+002  2.2962485e+002
  1.4979991e+002  2.2502049e+002
  1.6948116e+002  2.1284615e+002
  1.8915190e+002  1.9612351e+002
  2.0274423e+002  1.7335049e+002
  2.1178476e+002  1.4907188e+002
  2.1931269e+002  1.2631288e+002
  2.2684413e+002  1.0506998e+002
  2.3284545e+002  7.7766182e+001
  2.3278938e+002  5.3508600e+001
