  1.0259211e+002  5.1969600e+001
  9.1881699e+001  4.4568220e+001
  7.8215441e+001  4.1753654e+001
  6.6203701e+001  4.7994985e+001
  5.8778775e+001  5.7192160e+001
  6.7881764e+001  5.8564124e+001
  8.1500930e+001  5.8352208e+001
  9.3559763e+001  5.5137358e+001
  1.5404230e+002  5.1169032e+001
  1.6449370e+002  4.1924765e+001
  1.7808932e+002  4.0199610e+001
  1.9026589e+002  4.4550963e+001
  1.9948661e+002  5.3489130e+001
  1.8894101e+002  5.6680434e+001
  1.7532185e+002  5.6892349e+001
  1.6316883e+002  5.4054236e+001
  1.1129482e+002  2.7616474e+001
  9.7510831e+001  1.7235704e+001
  5.8072391e+001  1.1794941e+001
  4.4712233e+001  2.8652503e+001
  3.7357945e+001  4.2389399e+001
  4.0431518e+001  4.5368788e+001
  5.0906472e+001  3.7637762e+001
  6.5921147e+001  2.9836098e+001
  8.5569729e+001  2.8016758e+001
  1.0535959e+002  3.5276861e+001
  1.3704346e+002  2.8729430e+001
  1.5045071e+002  1.4898349e+001
  1.9279790e+002  1.2725817e+001
  2.0967901e+002  2.7599216e+001
  2.1743358e+002  3.9587410e+001
  2.1145125e+002  4.4221317e+001
  1.9922760e+002  3.6843483e+001
  1.8241713e+002  2.6509806e+001
  1.5974207e+002  2.8376238e+001
  1.4170091e+002  3.6224995e+001
  1.1616419e+002  4.8731204e+001
  1.1644674e+002  6.6890091e+001
  1.1069988e+002  8.6656404e+001
  9.8805868e+001  1.0046394e+002
  1.0514138e+002  1.1852864e+002
  1.1871346e+002  1.1529025e+002
  1.3233262e+002  1.1507833e+002
  1.5056215e+002  1.1933550e+002
  1.5328253e+002  9.9616278e+001
  1.4399117e+002  8.6138389e+001
  1.3916890e+002  6.8050140e+001
  1.3888634e+002  4.9891253e+001
  9.2181510e+001  1.6111129e+002
  1.0116677e+002  1.5491706e+002
  1.1166527e+002  1.4869927e+002
  1.2530798e+002  1.5000060e+002
  1.3587712e+002  1.4832253e+002
  1.5110371e+002  1.5414003e+002
  1.6332736e+002  1.6151787e+002
  1.5131563e+002  1.6775920e+002
  1.3776710e+002  1.7251083e+002
  1.2566117e+002  1.7269920e+002
  1.1355525e+002  1.7288757e+002
  1.0137869e+002  1.6853622e+002
  9.8258019e+001  1.6253035e+002
  1.1029331e+002  1.5780226e+002
  1.2542571e+002  1.5756680e+002
  1.3904488e+002  1.5735488e+002
  1.5273468e+002  1.6168269e+002
  1.3909197e+002  1.6038136e+002
  1.2547280e+002  1.6059328e+002
  1.1034040e+002  1.6082874e+002
  2.8396232e+001  5.0096879e+001
  2.5770034e+001  7.5869062e+001
  2.6170319e+001  1.0159415e+002
  3.2647111e+001  1.2873830e+002
  3.7610663e+001  1.5590599e+002
  4.5530058e+001  1.7848687e+002
  5.7942083e+001  1.9797063e+002
  7.6430616e+001  2.1887345e+002
  9.9411779e+001  2.3667914e+002
  1.2523105e+002  2.4233182e+002
  1.5391199e+002  2.3734472e+002
  1.7947225e+002  2.2635175e+002
  2.0193540e+002  2.1086615e+002
  2.1971755e+002  1.8637175e+002
  2.2990995e+002  1.6048184e+002
  2.3556263e+002  1.3466256e+002
  2.4116822e+002  1.0581681e+002
  2.4069730e+002  7.5551993e+001
  2.3727053e+002  4.9873995e+001
