  1.0063503e+002  5.8616287e+001
  9.1790523e+001  5.0809776e+001
  7.9754780e+001  4.8956796e+001
  6.7590355e+001  5.1633305e+001
  5.9912526e+001  5.5948325e+001
  7.0352652e+001  6.0778070e+001
  7.9368736e+001  6.2545263e+001
  8.9980436e+001  6.1335690e+001
  1.5947549e+002  6.1798975e+001
  1.6572928e+002  5.4421402e+001
  1.7487404e+002  5.1659105e+001
  1.8695268e+002  5.2002256e+001
  1.9730702e+002  5.9851660e+001
  1.8962919e+002  6.4166680e+001
  1.7750766e+002  6.5333359e+001
  1.6693885e+002  6.5033103e+001
  1.0783248e+002  1.8022463e+001
  8.3803890e+001  1.2806674e+001
  6.4261893e+001  9.2293960e+000
  5.0416064e+001  1.7902329e+001
  4.2652447e+001  2.5237008e+001
  4.5500531e+001  3.1362114e+001
  5.6283807e+001  2.4113222e+001
  6.5471466e+001  1.9841096e+001
  8.3546527e+001  2.1865651e+001
  1.0308852e+002  2.5442930e+001
  1.4868367e+002  1.6160937e+001
  1.6848303e+002  1.0679238e+001
  1.8509115e+002  1.1151069e+001
  1.9553128e+002  1.5980815e+001
  2.0441868e+002  2.2277496e+001
  2.0429000e+002  2.6806985e+001
  1.9380698e+002  2.3487069e+001
  1.8328107e+002  2.1676983e+001
  1.6969260e+002  2.1290939e+001
  1.5144597e+002  2.5305702e+001
  1.1883877e+002  5.6111353e+001
  1.1677133e+002  7.5696244e+001
  1.0870745e+002  9.3599730e+001
  9.7752600e+001  1.0688794e+002
  1.0181026e+002  1.2362475e+002
  1.2303366e+002  1.2120560e+002
  1.3813196e+002  1.2163454e+002
  1.5914089e+002  1.2676454e+002
  1.6263238e+002  1.1024220e+002
  1.5249251e+002  9.4843650e+001
  1.4394826e+002  7.6468332e+001
  1.4148622e+002  5.6754760e+001
  9.6165530e+001  1.6275163e+002
  1.0854442e+002  1.5252598e+002
  1.2083753e+002  1.4531998e+002
  1.3140634e+002  1.4562024e+002
  1.4201804e+002  1.4441066e+002
  1.5090544e+002  1.5070735e+002
  1.6566058e+002  1.6321492e+002
  1.5323880e+002  1.7495041e+002
  1.4249841e+002  1.8068947e+002
  1.3037688e+002  1.8185615e+002
  1.1385455e+002  1.7836466e+002
  1.0199038e+002  1.7047236e+002
  1.0224774e+002  1.6141338e+002
  1.2049438e+002  1.5739862e+002
  1.3106319e+002  1.5769887e+002
  1.4616148e+002  1.5812781e+002
  1.5660161e+002  1.6295756e+002
  1.4598991e+002  1.6416713e+002
  1.3084872e+002  1.6524802e+002
  1.1881297e+002  1.6339504e+002
  1.6256150e+001  5.0174916e+001
  1.4017126e+001  7.5799125e+001
  1.3245037e+001  1.0297606e+002
  1.8512267e+001  1.3032457e+002
  2.5332221e+001  1.5620614e+002
  3.6681663e+001  1.8221639e+002
  5.4284892e+001  2.0084907e+002
  7.6503398e+001  2.1659077e+002
  1.0195603e+002  2.2486912e+002
  1.3051411e+002  2.3021359e+002
  1.5329024e+002  2.2632751e+002
  1.7623794e+002  2.1640211e+002
  1.9629466e+002  2.0186143e+002
  2.1048364e+002  1.8110986e+002
  2.1867620e+002  1.5867688e+002
  2.2238216e+002  1.3460540e+002
  2.2613101e+002  1.0902408e+002
  2.2832714e+002  8.4909703e+001
  2.2448395e+002  6.0623748e+001
