  9.6309106e+001  5.0642318e+001
  9.0491560e+001  4.2900837e+001
  7.8444183e+001  4.1022711e+001
  6.6213566e+001  4.5191179e+001
  5.8426275e+001  5.2520372e+001
  6.7450356e+001  5.4306879e+001
  7.7986086e+001  5.6139195e+001
  9.0125083e+001  5.4994025e+001
  1.5517178e+002  5.5452193e+001
  1.6451652e+002  4.6657161e+001
  1.7670133e+002  4.4000342e+001
  1.8870290e+002  4.7390116e+001
  1.9749793e+002  5.6734865e+001
  1.8682477e+002  5.9437494e+001
  1.7473159e+002  5.9071016e+001
  1.6419586e+002  5.7238700e+001
  1.0927268e+002  2.2287475e+001
  8.6872809e+001  1.2530439e+001
  6.1312215e+001  7.2167290e+000
  4.4225985e+001  2.1829307e+001
  3.6255455e+001  3.5205094e+001
  4.0607162e+001  4.1389117e+001
  5.1555179e+001  2.9616597e+001
  6.2365766e+001  2.2379023e+001
  8.3437225e+001  2.6043656e+001
  1.0592871e+002  3.2777395e+001
  1.4101729e+002  2.3249479e+001
  1.6694437e+002  1.6470002e+001
  1.8980233e+002  1.1110553e+001
  2.0606399e+002  2.3707648e+001
  2.1481321e+002  3.4564045e+001
  2.1014084e+002  3.8961561e+001
  1.9978834e+002  3.1082651e+001
  1.8783259e+002  2.6181228e+001
  1.7111283e+002  2.8700618e+001
  1.4518576e+002  3.5480096e+001
  1.1600635e+002  4.9726196e+001
  1.1527339e+002  7.3912571e+001
  1.0867708e+002  9.1869113e+001
  9.9103282e+001  1.0822239e+002
  1.0318013e+002  1.2347630e+002
  1.1999150e+002  1.1793362e+002
  1.3661963e+002  1.1843752e+002
  1.5466780e+002  1.2201054e+002
  1.5672916e+002  1.0391656e+002
  1.4500245e+002  9.1456898e+001
  1.3950557e+002  7.3133878e+001
  1.3863526e+002  5.1924990e+001
  8.9987510e+001  1.5938939e+002
  1.0217232e+002  1.5673257e+002
  1.1747204e+002  1.5114407e+002
  1.2645031e+002  1.5444223e+002
  1.3863512e+002  1.5178541e+002
  1.5059088e+002  1.5668683e+002
  1.6405828e+002  1.6163406e+002
  1.5466773e+002  1.7194074e+002
  1.3634471e+002  1.7743762e+002
  1.2567155e+002  1.8014025e+002
  1.1215833e+002  1.7670467e+002
  1.0024838e+002  1.7029159e+002
  1.0052324e+002  1.6122170e+002
  1.1270805e+002  1.5856488e+002
  1.2777872e+002  1.6053463e+002
  1.4142937e+002  1.5943527e+002
  1.5650004e+002  1.6140501e+002
  1.4129194e+002  1.6397021e+002
  1.2764129e+002  1.6506957e+002
  1.1257062e+002  1.6309983e+002
  2.3841600e+001  4.5420156e+001
  2.1322138e+001  7.8630612e+001
  2.6544157e+001  1.0602352e+002
  3.1857796e+001  1.3039314e+002
  4.0148922e+001  1.5636602e+002
  4.8531667e+001  1.7931560e+002
  6.1449357e+001  2.0240262e+002
  8.0596880e+001  2.1962628e+002
  1.0290513e+002  2.3240661e+002
  1.2704569e+002  2.3465121e+002
  1.5439280e+002  2.3094084e+002
  1.7596816e+002  2.1797734e+002
  1.9612350e+002  2.0194474e+002
  2.1041548e+002  1.7968230e+002
  2.2172997e+002  1.5581659e+002
  2.3002117e+002  1.3185926e+002
  2.3689234e+002  1.0483283e+002
  2.3767110e+002  7.9134805e+001
  2.3538076e+002  5.4856811e+001
