  1.0033755e+002  5.2168547e+001
  8.8283227e+001  4.4758582e+001
  7.6262342e+001  4.1848091e+001
  5.9797707e+001  4.6470155e+001
  4.9332370e+001  5.1047642e+001
  6.1364400e+001  5.5457958e+001
  7.4885109e+001  5.8357305e+001
  8.8372385e+001  5.6757178e+001
  1.5583105e+002  5.1756194e+001
  1.6477428e+002  4.4190204e+001
  1.7825041e+002  4.1090253e+001
  1.9177112e+002  4.3989599e+001
  2.0232561e+002  5.1410709e+001
  1.9184913e+002  5.4488371e+001
  1.8137265e+002  5.7566033e+001
  1.6786308e+002  5.6166510e+001
  1.0920276e+002  3.4103785e+001
  1.0015923e+002  2.8171355e+001
  8.5094119e+001  1.9283855e+001
  6.7151949e+001  2.6916714e+001
  4.9187489e+001  3.1549923e+001
  4.7732243e+001  3.7560366e+001
  7.0185032e+001  3.1393898e+001
  8.3683452e+001  3.1293596e+001
  9.5704337e+001  3.4204087e+001
  1.0622540e+002  3.7125724e+001
  1.4666494e+002  2.9325695e+001
  1.6011878e+002  2.3226095e+001
  1.7508359e+002  1.8615175e+001
  1.8862659e+002  2.4514171e+001
  2.0516923e+002  3.0390877e+001
  2.0371399e+002  3.6401320e+001
  1.9319293e+002  3.3479683e+001
  1.7967222e+002  3.0580337e+001
  1.6317415e+002  3.0702928e+001
  1.5271996e+002  3.6780239e+001
  1.1381368e+002  4.9068596e+001
  1.1245873e+002  6.8577459e+001
  1.0510449e+002  8.8130901e+001
  9.4728312e+001  1.0470698e+002
  1.0683836e+002  1.1961607e+002
  1.2330299e+002  1.1499401e+002
  1.3680141e+002  1.1489370e+002
  1.5334406e+002  1.2077041e+002
  1.5769865e+002  1.0123926e+002
  1.4708843e+002  8.6319025e+001
  1.3946672e+002  6.9876679e+001
  1.3631105e+002  4.8901426e+001
  8.3108636e+001  1.5579017e+002
  9.8073446e+001  1.5117925e+002
  1.1602676e+002  1.4504622e+002
  1.2804765e+002  1.4795671e+002
  1.4004624e+002  1.4786755e+002
  1.5355581e+002  1.4926708e+002
  1.7309810e+002  1.5512149e+002
  1.5966655e+002  1.6422074e+002
  1.4621271e+002  1.7032034e+002
  1.2822596e+002  1.7195390e+002
  1.1020578e+002  1.6908799e+002
  9.5174099e+001  1.6469996e+002
  9.0618903e+001  1.5723427e+002
  1.1161645e+002  1.5707825e+002
  1.2812566e+002  1.5845548e+002
  1.4462373e+002  1.5833289e+002
  1.5811100e+002  1.5673276e+002
  1.4462373e+002  1.5833289e+002
  1.2812566e+002  1.5845548e+002
  1.1161645e+002  1.5707825e+002
  1.3325437e+001  4.9815289e+001
  1.3526042e+001  7.6812130e+001
  1.5237615e+001  1.0529765e+002
  1.6949188e+001  1.3378317e+002
  2.6148739e+001  1.6071314e+002
  3.6836970e+001  1.8613215e+002
  5.5002034e+001  2.0849578e+002
  7.6144458e+001  2.2783747e+002
  1.0173063e+002  2.3964661e+002
  1.3026073e+002  2.4393433e+002
  1.5723528e+002  2.4073408e+002
  1.7814367e+002  2.2857946e+002
  1.9748536e+002  2.0743703e+002
  2.1382740e+002  1.8631690e+002
  2.2412557e+002  1.5924205e+002
  2.2992426e+002  1.3220063e+002
  2.3422313e+002  1.0517035e+002
  2.3702218e+002  7.8151222e+001
  2.3531061e+002  4.9665702e+001
