  1.0295732e+002  5.3961678e+001
  9.2607473e+001  4.3294333e+001
  7.9141776e+001  4.0087773e+001
  6.8587822e+001  4.2931481e+001
  5.9489740e+001  4.8800325e+001
  6.8429074e+001  5.3440079e+001
  8.0416222e+001  5.5122733e+001
  9.2426047e+001  5.5304159e+001
  1.5402176e+002  5.3231510e+001
  1.6464375e+002  4.5884117e+001
  1.7822284e+002  4.1584536e+001
  1.9020998e+002  4.3267190e+001
  2.0060519e+002  5.0932079e+001
  1.9000588e+002  5.6778244e+001
  1.7797338e+002  5.8098046e+001
  1.6450768e+002  5.4891486e+001
  1.0643602e+002  2.2481242e+001
  8.7010768e+001  1.6181512e+001
  6.7517480e+001  1.4385467e+001
  5.0913257e+001  2.0140919e+001
  3.8767362e+001  2.8966863e+001
  4.4658883e+001  3.6563717e+001
  5.5280872e+001  2.9216323e+001
  6.7358732e+001  2.4894065e+001
  8.6806664e+001  2.9692566e+001
  1.0625460e+002  3.4491068e+001
  1.4394405e+002  2.4549426e+001
  1.6509731e+002  1.5859552e+001
  1.8468132e+002  1.1650685e+001
  2.0119483e+002  1.1900145e+001
  2.1454713e+002  2.2612847e+001
  2.1286448e+002  3.4599994e+001
  1.9948949e+002  2.5388521e+001
  1.8297598e+002  2.5139060e+001
  1.6639444e+002  2.9393285e+001
  1.4833434e+002  3.2123602e+001
  1.1655909e+002  4.8160869e+001
  1.1467233e+002  7.3659071e+001
  1.0980580e+002  9.7610688e+001
  1.0054897e+002  1.1398813e+002
  1.0480319e+002  1.3056967e+002
  1.1983815e+002  1.2929523e+002
  1.3485043e+002  1.2952201e+002
  1.5136394e+002  1.2977147e+002
  1.5311463e+002  1.1328064e+002
  1.4285549e+002  9.6608381e+001
  1.3869198e+002  7.4021923e+001
  1.3757629e+002  4.8478365e+001
  9.0815893e+001  1.6189136e+002
  1.0589621e+002  1.5761446e+002
  1.1494894e+002  1.5474807e+002
  1.2691340e+002  1.5793195e+002
  1.3746736e+002  1.5508825e+002
  1.5093306e+002  1.5829481e+002
  1.6589998e+002  1.6152405e+002
  1.5377676e+002  1.6884876e+002
  1.4317745e+002  1.7469493e+002
  1.2664127e+002  1.7594669e+002
  1.1315289e+002  1.7424136e+002
  9.8231321e+001  1.6800967e+002
  9.9800584e+001  1.6352866e+002
  1.1485822e+002  1.6075299e+002
  1.2682269e+002  1.6393687e+002
  1.4188033e+002  1.6116119e+002
  1.5386748e+002  1.6284385e+002
  1.4181230e+002  1.6566488e+002
  1.2677733e+002  1.6693932e+002
  1.1481287e+002  1.6375544e+002
  2.9510532e+001  4.5344304e+001
  2.9102324e+001  7.2366411e+001
  2.8671437e+001  1.0088975e+002
  3.1243007e+001  1.2945844e+002
  3.3859933e+001  1.5502468e+002
  4.1003223e+001  1.7915772e+002
  5.8723144e+001  1.9894582e+002
  7.7944294e+001  2.1875661e+002
  1.0169181e+002  2.3713420e+002
  1.2866856e+002  2.4054486e+002
  1.5578138e+002  2.3494816e+002
  1.7552413e+002  2.2023069e+002
  1.9233246e+002  2.0096419e+002
  2.1066469e+002  1.8021913e+002
  2.2155882e+002  1.5485700e+002
  2.2346825e+002  1.2785757e+002
  2.2535501e+002  1.0235937e+002
  2.2726445e+002  7.5359939e+001
  2.2314629e+002  4.9771024e+001
