  1.0048754e+002  5.3052400e+001
  9.2916281e+001  4.7004014e+001
  7.9293488e+001  4.3986653e+001
  6.5674898e+001  4.7022933e+001
  5.6598641e+001  5.3082880e+001
  6.5682255e+001  5.7616804e+001
  7.9305049e+001  6.0634165e+001
  9.1411279e+001  5.9112347e+001
  1.5345794e+002  5.4529024e+001
  1.6253420e+002  4.8469077e+001
  1.7615174e+002  4.3919388e+001
  1.8826217e+002  4.8451210e+001
  1.9886025e+002  5.4497493e+001
  1.8978294e+002  5.9044030e+001
  1.7767776e+002  6.2079259e+001
  1.6405497e+002  5.9061898e+001
  1.0046757e+002  2.4297607e+001
  8.5327159e+001  1.5227656e+001
  6.1110494e+001  1.2217652e+001
  4.4471390e+001  2.4336495e+001
  3.2374619e+001  3.9479005e+001
  3.9944823e+001  4.4013980e+001
  5.0533439e+001  3.6439572e+001
  6.5661235e+001  2.7348601e+001
  8.5337669e+001  3.0361758e+001
  9.8960463e+001  3.3379119e+001
  1.4889459e+002  2.1237153e+001
  1.7007708e+002  1.3655388e+001
  1.9428744e+002  7.5849310e+000
  2.1094336e+002  1.9680651e+001
  2.1852092e+002  3.4809498e+001
  2.1247043e+002  3.9353932e+001
  2.0035789e+002  3.1795290e+001
  1.9127323e+002  2.5747955e+001
  1.7311441e+002  2.8787388e+001
  1.4738854e+002  3.1832076e+001
  1.1562164e+002  5.3041890e+001
  1.1563740e+002  7.5743043e+001
  1.0808402e+002  9.5422630e+001
  1.0052642e+002  1.0904858e+002
  1.0507716e+002  1.2417953e+002
  1.2324019e+002  1.2719373e+002
  1.3534747e+002  1.2718533e+002
  1.5199183e+002  1.2263353e+002
  1.5651945e+002  1.0446946e+002
  1.4743163e+002  9.3881893e+001
  1.3985197e+002  7.5726226e+001
  1.3832279e+002  5.3026124e+001
  8.9967237e+001  1.5899847e+002
  1.0358372e+002  1.5293537e+002
  1.1568996e+002  1.5141355e+002
  1.2779829e+002  1.5291855e+002
  1.3839111e+002  1.5139779e+002
  1.4747157e+002  1.5139148e+002
  1.6715116e+002  1.5894487e+002
  1.5202231e+002  1.6652243e+002
  1.3991503e+002  1.6653084e+002
  1.2932221e+002  1.6805160e+002
  1.1570046e+002  1.6654765e+002
  1.0510659e+002  1.6655501e+002
  1.0056111e+002  1.5899111e+002
  1.1266734e+002  1.5746929e+002
  1.2780249e+002  1.5897219e+002
  1.4293554e+002  1.5744827e+002
  1.5504388e+002  1.5895328e+002
  1.4293554e+002  1.5744827e+002
  1.2780249e+002  1.5897219e+002
  1.1266734e+002  1.5746929e+002
  1.4220003e+001  4.8572078e+001
  1.7264691e+001  7.4297949e+001
  2.0310430e+001  1.0153723e+002
  2.6381938e+001  1.2726100e+002
  3.3966856e+001  1.5298372e+002
  4.4578595e+001  1.7870433e+002
  5.8215052e+001  2.0139603e+002
  7.6390688e+001  2.2257116e+002
  1.0061261e+002  2.3314821e+002
  1.2785820e+002  2.3918293e+002
  1.5206856e+002  2.3311248e+002
  1.7476025e+002  2.1947602e+002
  1.9442302e+002  2.0281484e+002
  2.0954241e+002  1.8161659e+002
  2.2012051e+002  1.5890808e+002
  2.2918100e+002  1.3014698e+002
  2.3521678e+002  1.0441481e+002
  2.3973914e+002  7.8683679e+001
  2.4274809e+002  5.2953603e+001
