  1.0152771e+002  5.3663440e+001
  9.0878533e+001  4.4540246e+001
  7.8710301e+001  4.3022341e+001
  6.5022241e+001  4.6067764e+001
  5.7419259e+001  5.3674592e+001
  6.6545914e+001  5.6714246e+001
  7.8714146e+001  5.8232151e+001
  9.0881610e+001  5.6708094e+001
  1.5628302e+002  5.3649597e+001
  1.6540737e+002  4.7563366e+001
  1.7605308e+002  4.2997731e+001
  1.8822132e+002  4.4515636e+001
  1.9887049e+002  5.3638830e+001
  1.8974537e+002  5.6683099e+001
  1.7909928e+002  5.9727753e+001
  1.6693104e+002  5.8209848e+001
  1.1064706e+002  2.7804456e+001
  8.6308669e+001  1.7163742e+001
  5.7409645e+001  1.5650067e+001
  4.0681546e+001  2.6301164e+001
  3.3079333e+001  3.6949953e+001
  4.0685776e+001  4.3031954e+001
  4.9810124e+001  3.6945723e+001
  6.3497799e+001  3.2379319e+001
  8.4792302e+001  3.5415898e+001
  1.0760856e+002  4.1494054e+001
  1.4258689e+002  2.4754419e+001
  1.7148399e+002  1.8663189e+001
  1.9733990e+002  1.5614690e+001
  2.1255201e+002  2.4736730e+001
  2.2168059e+002  3.5381290e+001
  2.1559821e+002  4.1466752e+001
  2.0494980e+002  3.5385520e+001
  1.9430255e+002  3.3867231e+001
  1.7300920e+002  3.5393595e+001
  1.4715368e+002  3.9963075e+001
  1.1217381e+002  5.0618786e+001
  1.0913761e+002  7.3434270e+001
  1.0153655e+002  8.8646003e+001
  9.5456473e+001  1.0385735e+002
  1.0002365e+002  1.2058699e+002
  1.1675251e+002  1.1297785e+002
  1.2892036e+002  1.1297478e+002
  1.5173662e+002  1.1905293e+002
  1.5325452e+002  1.0688470e+002
  1.4564539e+002  9.0155832e+001
  1.3651527e+002  7.3427349e+001
  1.3498852e+002  5.0613018e+001
  8.7866565e+001  1.6317753e+002
  1.0003249e+002  1.5556955e+002
  1.1371978e+002  1.4948217e+002
  1.2588840e+002  1.5252105e+002
  1.3957646e+002  1.4947563e+002
  1.5478781e+002  1.5555571e+002
  1.6847856e+002  1.6315715e+002
  1.5479088e+002  1.6772356e+002
  1.4262342e+002  1.6924761e+002
  1.2741438e+002  1.7229342e+002
  1.1524653e+002  1.7229650e+002
  1.0003557e+002  1.6773740e+002
  1.0155501e+002  1.6165309e+002
  1.1372170e+002  1.5708707e+002
  1.2589032e+002  1.6012596e+002
  1.3805778e+002  1.5860190e+002
  1.5326798e+002  1.6011904e+002
  1.3805894e+002  1.6316484e+002
  1.2589109e+002  1.6316792e+002
  1.1372286e+002  1.6165001e+002
  2.0914561e+001  4.9120877e+001
  2.0921098e+001  7.4977554e+001
  2.0928020e+001  1.0235521e+002
  2.2455923e+001  1.2973249e+002
  2.8546768e+001  1.5710861e+002
  3.6157441e+001  1.7992140e+002
  5.4414212e+001  1.9968954e+002
  7.7232772e+001  2.1489358e+002
  1.0157154e+002  2.2705527e+002
  1.3047134e+002  2.3161091e+002
  1.5632647e+002  2.2552045e+002
  1.7913811e+002  2.1334683e+002
  1.9890702e+002  1.9813202e+002
  2.1867516e+002  1.7987525e+002
  2.3083647e+002  1.5401550e+002
  2.3691424e+002  1.2967827e+002
  2.3842869e+002  1.0382121e+002
  2.3994275e+002  7.6443162e+001
  2.3841561e+002  5.2107851e+001
