  1.0206178e+002  5.2362546e+001
  9.1553279e+001  4.4830106e+001
  7.9531802e+001  4.3307157e+001
  6.7505336e+001  4.4790201e+001
  5.8477382e+001  5.0787222e+001
  6.5984882e+001  5.5308682e+001
  7.9509356e+001  5.6834125e+001
  9.1535821e+001  5.5351081e+001
  1.5466666e+002  5.2449838e+001
  1.6520011e+002  4.4952314e+001
  1.7572607e+002  4.1963779e+001
  1.8774505e+002  4.4989724e+001
  1.9675056e+002  5.2519671e+001
  1.8773009e+002  5.4007703e+001
  1.7570113e+002  5.6993744e+001
  1.6518265e+002  5.5473289e+001
  1.0662065e+002  2.2310099e+001
  8.5588681e+001  1.6263197e+001
  6.0042729e+001  1.3214805e+001
  4.8008782e+001  1.9206839e+001
  3.8975839e+001  2.8209853e+001
  4.1974349e+001  3.2723831e+001
  5.1002304e+001  2.6726809e+001
  6.1525773e+001  2.5241271e+001
  8.4065732e+001  2.8284675e+001
  1.0359471e+002  3.4329083e+001
  1.4869957e+002  2.5385926e+001
  1.6373701e+002  2.0901877e+001
  1.9230143e+002  1.6440274e+001
  2.0732391e+002  2.0974204e+001
  2.1332342e+002  2.8499162e+001
  2.1030995e+002  3.3003164e+001
  2.0279996e+002  2.9984701e+001
  1.9077848e+002  2.8461752e+001
  1.6522504e+002  2.9922349e+001
  1.5169060e+002  3.4408892e+001
  1.1709674e+002  4.9381494e+001
  1.1856232e+002  7.1928934e+001
  1.1552391e+002  9.1462900e+001
  1.0347250e+002  1.0797591e+002
  1.0795156e+002  1.2601935e+002
  1.2749052e+002  1.2605177e+002
  1.4552647e+002  1.2608170e+002
  1.5755044e+002  1.2610165e+002
  1.6058886e+002  1.0656769e+002
  1.4709182e+002  8.8509282e+001
  1.4261027e+002  7.1968839e+001
  1.4264768e+002  4.9423892e+001
  8.9860736e+001  1.5905534e+002
  1.0339269e+002  1.5607179e+002
  1.1692215e+002  1.5459124e+002
  1.3044663e+002  1.5611669e+002
  1.4397359e+002  1.5613913e+002
  1.5749558e+002  1.5916757e+002
  1.6500557e+002  1.6218604e+002
  1.5446464e+002  1.7419255e+002
  1.4393369e+002  1.8018708e+002
  1.2889624e+002  1.8467112e+002
  1.1237077e+002  1.8013470e+002
  1.0186226e+002  1.7260226e+002
  1.0187723e+002  1.6358428e+002
  1.1690968e+002  1.6210623e+002
  1.2893116e+002  1.6362918e+002
  1.4245564e+002  1.6515462e+002
  1.5748560e+002  1.6517956e+002
  1.4245065e+002  1.6816061e+002
  1.2892617e+002  1.6663517e+002
  1.1690470e+002  1.6511222e+002
  1.6398470e+001  4.7711396e+001
  1.7859067e+001  7.3264830e+001
  2.2325658e+001  9.8823251e+001
  2.8290257e+001  1.2739016e+002
  3.2754353e+001  1.5445158e+002
  4.3232929e+001  1.8001997e+002
  5.9733468e+001  1.9958636e+002
  7.7739496e+001  2.1765225e+002
  1.0176499e+002  2.3121912e+002
  1.2881145e+002  2.3577300e+002
  1.5286438e+002  2.3280692e+002
  1.7242827e+002  2.1780937e+002
  1.9049665e+002  1.9830035e+002
  2.0255803e+002  1.7577535e+002
  2.1161592e+002  1.5174238e+002
  2.1466431e+002  1.2619643e+002
  2.2071869e+002  1.0065546e+002
  2.2376459e+002  7.6612507e+001
  2.2230399e+002  5.1059073e+001
