  1.0047168e+002  5.2077690e+001
  9.1302605e+001  4.4601940e+001
  7.7638328e+001  4.1718851e+001
  6.4071517e+001  4.7923622e+001
  5.8094165e+001  5.5561814e+001
  7.0243799e+001  5.8461147e+001
  8.0846301e+001  5.8347437e+001
  9.2930957e+001  5.5188197e+001
  1.5654597e+002  5.4505940e+001
  1.6553636e+002  4.5320616e+001
  1.7760477e+002  4.0646733e+001
  1.8975441e+002  4.3546066e+001
  1.9742509e+002  5.2552703e+001
  1.8836972e+002  5.5679455e+001
  1.7778346e+002  5.7307808e+001
  1.6565007e+002  5.5923118e+001
  1.0928339e+002  2.6231291e+001
  8.9495566e+001  1.7354607e+001
  7.1319848e+001  1.7549538e+001
  5.1678220e+001  2.2304642e+001
  3.8208874e+001  3.7597271e+001
  4.1270648e+001  4.0594069e+001
  5.4804971e+001  3.1360012e+001
  7.1433558e+001  2.8152040e+001
  8.8127121e+001  3.1002640e+001
  1.0330604e+002  3.3869484e+001
  1.5019500e+002  2.7307341e+001
  1.6524397e+002  1.8057040e+001
  1.8491808e+002  1.6331222e+001
  2.0162789e+002  2.0696465e+001
  2.1234410e+002  3.1185257e+001
  2.1086195e+002  3.4230788e+001
  2.0019447e+002  2.8285925e+001
  1.8504804e+002  2.8448367e+001
  1.6841945e+002  3.1656340e+001
  1.5179087e+002  3.4864312e+001
  1.1713276e+002  5.1899004e+001
  1.1586178e+002  7.4634895e+001
  1.0999814e+002  9.2875590e+001
  1.0105648e+002  1.0660484e+002
  1.0576285e+002  1.2170254e+002
  1.2390608e+002  1.1847833e+002
  1.4056715e+002  1.1829964e+002
  1.5424767e+002  1.2269737e+002
  1.5709827e+002  1.0600381e+002
  1.4939510e+002  9.3967883e+001
  1.4312536e+002  7.4342499e+001
  1.3985241e+002  5.1655340e+001
  8.9442902e+001  1.5368873e+002
  1.0607149e+002  1.5048076e+002
  1.1968703e+002  1.4881992e+002
  1.2880738e+002  1.5175174e+002
  1.3786275e+002  1.4862499e+002
  1.5305791e+002  1.5300648e+002
  1.6822059e+002  1.5435868e+002
  1.5621715e+002  1.6509113e+002
  1.4265034e+002  1.7129590e+002
  1.2903480e+002  1.7295675e+002
  1.1690141e+002  1.7157206e+002
  1.0320464e+002  1.6565968e+002
  1.0310718e+002  1.5657182e+002
  1.1825361e+002  1.5640938e+002
  1.2885611e+002  1.5629567e+002
  1.4248790e+002  1.5614947e+002
  1.5763433e+002  1.5598703e+002
  1.4252039e+002  1.5917876e+002
  1.2888860e+002  1.5932496e+002
  1.1828610e+002  1.5943867e+002
  1.4137026e+001  5.3003610e+001
  1.1367647e+001  7.7270389e+001
  1.1676287e+001  1.0604861e+002
  1.9541898e+001  1.3323096e+002
  2.5876623e+001  1.5891492e+002
  3.6706544e+001  1.8000622e+002
  5.2129127e+001  2.0559271e+002
  7.2030662e+001  2.2507189e+002
  9.6427395e+001  2.3995842e+002
  1.2525435e+002  2.4419371e+002
  1.5245295e+002  2.3784274e+002
  1.7654104e+002  2.2395104e+002
  1.9149254e+002  2.0561288e+002
  2.0790995e+002  1.8271455e+002
  2.1826879e+002  1.5988119e+002
  2.2554961e+002  1.3253639e+002
  2.2978490e+002  1.0370944e+002
  2.3253803e+002  7.7928020e+001
  2.3073100e+002  5.0680688e+001
