  1.0356444e+002  5.1323238e+001
  9.2937453e+001  4.2211126e+001
  8.0790753e+001  4.0690600e+001
  6.7124604e+001  4.5243290e+001
  5.8012762e+001  5.4351901e+001
  6.8641360e+001  5.4353786e+001
  8.0788329e+001  5.4355941e+001
  9.2935568e+001  5.2839724e+001
  1.5063394e+002  5.1331587e+001
  1.6126389e+002  4.3741617e+001
  1.7493003e+002  3.9188927e+001
  1.8859484e+002  4.2228093e+001
  2.0073992e+002  5.2858846e+001
  1.8707431e+002  5.4374793e+001
  1.7492734e+002  5.4372639e+001
  1.6278064e+002  5.2852113e+001
  1.1419734e+002  2.7031185e+001
  8.8386918e+001  1.6398008e+001
  5.6501662e+001  1.3355610e+001
  3.8278515e+001  2.8536090e+001
  3.2202876e+001  4.0681982e+001
  3.6756643e+001  4.8274646e+001
  4.8905766e+001  3.6129831e+001
  6.8645130e+001  3.3096590e+001
  9.1420159e+001  3.6137372e+001
  1.0964007e+002  3.9177346e+001
  1.4456396e+002  3.1591685e+001
  1.5519471e+002  1.9446601e+001
  1.8708185e+002  1.1860401e+001
  2.0985553e+002  2.2493039e+001
  2.2048225e+002  3.3123522e+001
  2.1592471e+002  4.6788055e+001
  2.0529746e+002  3.9194314e+001
  1.9315157e+002  3.3118674e+001
  1.6733899e+002  3.4632467e+001
  1.4911772e+002  3.9184349e+001
  1.1874896e+002  4.6770818e+001
  1.1722601e+002  7.2582858e+001
  1.0963119e+002  8.9283595e+001
  9.9000434e+001  1.0142868e+002
  1.0507069e+002  1.1965021e+002
  1.2025467e+002  1.1813453e+002
  1.3695675e+002  1.1813749e+002
  1.5365856e+002  1.1965883e+002
  1.5973474e+002  1.0447619e+002
  1.4910857e+002  9.0808968e+001
  1.4152021e+002  7.1068796e+001
  1.4000588e+002  4.8292960e+001
  8.5324859e+001  1.5912436e+002
  1.0354639e+002  1.5305411e+002
  1.1569417e+002  1.4850115e+002
  1.2784060e+002  1.5154004e+002
  1.3998838e+002  1.4698709e+002
  1.5365264e+002  1.5306299e+002
  1.6731717e+002  1.5762053e+002
  1.5365022e+002  1.6672833e+002
  1.4150244e+002  1.7128129e+002
  1.2783683e+002  1.7279724e+002
  1.0961664e+002  1.7127564e+002
  9.7470482e+001  1.6671837e+002
  9.8990200e+001  1.5912678e+002
  1.1417391e+002  1.5912948e+002
  1.2783898e+002  1.6065027e+002
  1.4150459e+002  1.5913432e+002
  1.5516966e+002  1.6065512e+002
  1.4150459e+002  1.5913432e+002
  1.2783898e+002  1.6065027e+002
  1.1417391e+002  1.5912948e+002
  2.1572931e+001  4.8271953e+001
  1.8531610e+001  7.4083724e+001
  2.1563505e+001  1.0141494e+002
  2.6113770e+001  1.2874643e+002
  3.3700778e+001  1.5607846e+002
  4.2806696e+001  1.8037401e+002
  5.6467728e+001  2.0467038e+002
  7.6202782e+001  2.2593107e+002
  9.8976195e+001  2.3808208e+002
  1.2782444e+002  2.4264231e+002
  1.5363756e+002  2.3809178e+002
  1.7641582e+002  2.2291211e+002
  1.9463977e+002  2.0317651e+002
  2.1134563e+002  1.8192228e+002
  2.2046043e+002  1.5611159e+002
  2.2653849e+002  1.3030035e+002
  2.3261683e+002  1.0297075e+002
  2.3565842e+002  7.5640608e+001
  2.3414462e+002  4.9828029e+001
