  1.0350265e+002  5.2093413e+001
  9.4506184e+001  4.4381823e+001
  7.9378427e+001  4.1136813e+001
  6.7200256e+001  4.4001991e+001
  5.9530868e+001  4.9964467e+001
  6.7052543e+001  5.4620963e+001
  7.9146308e+001  5.7823770e+001
  9.1303378e+001  5.6475587e+001
  1.5202542e+002  5.4285665e+001
  1.6274990e+002  4.6848397e+001
  1.7494918e+002  4.2466223e+001
  1.8858104e+002  4.4173135e+001
  1.9757751e+002  5.1884726e+001
  1.8992922e+002  5.6330205e+001
  1.7623406e+002  5.9174281e+001
  1.6411919e+002  5.7488471e+001
  1.0839127e+002  2.7884782e+001
  8.5699633e+001  2.3017268e+001
  6.4524993e+001  1.8170855e+001
  4.9228422e+001  2.7061814e+001
  3.8482840e+001  3.6016078e+001
  4.1474628e+001  3.9092273e+001
  5.2178007e+001  3.3172001e+001
  6.4398383e+001  2.7272831e+001
  8.2560132e+001  3.0560044e+001
  1.0678987e+002  3.3931664e+001
  1.4633727e+002  2.6895330e+001
  1.6612152e+002  2.2618664e+001
  1.9199486e+002  1.6909410e+001
  2.0404643e+002  2.3146208e+001
  2.1460209e+002  2.7844908e+001
  2.1302179e+002  3.2374795e+001
  2.0094913e+002  2.7654993e+001
  1.8883426e+002  2.5969182e+001
  1.6905001e+002  3.0245848e+001
  1.4928686e+002  3.3005517e+001
  1.1871482e+002  4.9270439e+001
  1.1525879e+002  7.9568156e+001
  1.0742059e+002  9.7666600e+001
  1.0120489e+002  1.0820117e+002
  1.0706186e+002  1.2345553e+002
  1.2225292e+002  1.2214955e+002
  1.3896098e+002  1.2086468e+002
  1.5558463e+002  1.2564778e+002
  1.5882964e+002  1.1052003e+002
  1.4993868e+002  9.5223457e+001
  1.4258582e+002  7.8430991e+001
  1.4144866e+002  5.1103961e+001
  8.8309260e+001  1.6264421e+002
  1.0210994e+002  1.5221515e+002
  1.1584731e+002  1.4633708e+002
  1.2945807e+002  1.4956099e+002
  1.4467023e+002  1.4673802e+002
  1.5823879e+002  1.5299592e+002
  1.6873115e+002  1.6224561e+002
  1.5653188e+002  1.6662778e+002
  1.4435371e+002  1.6949296e+002
  1.3067964e+002  1.7082004e+002
  1.1553078e+002  1.6909202e+002
  1.0343702e+002  1.6588922e+002
  1.0048743e+002  1.5977903e+002
  1.1418260e+002  1.5693495e+002
  1.2935256e+002  1.5714597e+002
  1.4603952e+002  1.5737809e+002
  1.5663739e+002  1.5904280e+002
  1.4603952e+002  1.5737809e+002
  1.2935256e+002  1.5714597e+002
  1.1418260e+002  1.5693495e+002
  1.2525093e+001  4.7793316e+001
  1.2166363e+001  7.3582249e+001
  1.4799422e+001  1.0244738e+002
  2.0487575e+001  1.2983771e+002
  2.6196829e+001  1.5571105e+002
  3.4940076e+001  1.8162660e+002
  5.1310506e+001  2.0461366e+002
  7.3833327e+001  2.2161714e+002
  9.7936450e+001  2.3409074e+002
  1.2667497e+002  2.4055965e+002
  1.5256941e+002  2.3333340e+002
  1.7551426e+002  2.1999696e+002
  1.9546733e+002  2.0358433e+002
  2.1244971e+002  1.8257850e+002
  2.2188932e+002  1.5843318e+002
  2.2530314e+002  1.3116945e+002
  2.2869586e+002  1.0542272e+002
  2.3057159e+002  7.9654893e+001
  2.3093032e+002  5.3865960e+001
