  9.8477444e+001  5.5213966e+001
  8.9665463e+001  4.7730183e+001
  7.9331857e+001  4.4673115e+001
  6.8942985e+001  4.7536755e+001
  5.9992841e+001  5.4854743e+001
  6.8832454e+001  5.9378171e+001
  7.9179877e+001  6.0955063e+001
  8.9568749e+001  5.8091423e+001
  1.5324400e+002  5.5725169e+001
  1.6220796e+002  4.6927005e+001
  1.7407700e+002  4.4077181e+001
  1.8589079e+002  4.7148066e+001
  1.9616913e+002  5.6125842e+001
  1.8578026e+002  5.8989482e+001
  1.7391121e+002  6.1839306e+001
  1.6061725e+002  5.8754605e+001
  1.0766247e+002  2.2732969e+001
  9.5862497e+001  1.8181908e+001
  5.8844255e+001  1.9316677e+001
  4.5453580e+001  2.6593216e+001
  3.7969797e+001  3.5405197e+001
  4.0861070e+001  4.2833714e+001
  4.9825030e+001  3.4035550e+001
  6.1707895e+001  2.9705549e+001
  9.1297620e+001  3.1462052e+001
  1.0752430e+002  3.7534740e+001
  1.4613325e+002  2.4572370e+001
  1.6397827e+002  1.5857103e+001
  1.9651454e+002  1.9121416e+001
  2.0976705e+002  2.6646648e+001
  2.1708504e+002  3.5596792e+001
  2.1261687e+002  3.8515697e+001
  2.0377726e+002  3.3992268e+001
  1.9197729e+002  2.9441206e+001
  1.6532029e+002  3.0672690e+001
  1.5046325e+002  3.6455235e+001
  1.1776119e+002  5.0953047e+001
  1.1758158e+002  7.0195349e+001
  1.1149508e+002  8.7902208e+001
  1.0102331e+002  9.9646910e+001
  1.0379024e+002  1.2039702e+002
  1.2307399e+002  1.1613610e+002
  1.3639558e+002  1.1626045e+002
  1.5710424e+002  1.1793405e+002
  1.6020276e+002  1.0315992e+002
  1.4996587e+002  8.9741609e+001
  1.4126442e+002  7.0416409e+001
  1.3996385e+002  5.1160292e+001
  9.0109418e+001  1.5875728e+002
  1.0351391e+002  1.5000056e+002
  1.1690458e+002  1.4272402e+002
  1.2722437e+002  1.4726127e+002
  1.3910724e+002  1.4293127e+002
  1.5533392e+002  1.4900395e+002
  1.6709244e+002  1.5799555e+002
  1.5223540e+002  1.6377809e+002
  1.4184653e+002  1.6664173e+002
  1.2703095e+002  1.6798375e+002
  1.1518953e+002  1.6787322e+002
  1.0337575e+002  1.6480233e+002
  9.9004297e+001  1.5736000e+002
  1.1531388e+002  1.5455162e+002
  1.2714148e+002  1.5614233e+002
  1.4491742e+002  1.5482795e+002
  1.5821138e+002  1.5791265e+002
  1.4488978e+002  1.5778830e+002
  1.2712766e+002  1.5762251e+002
  1.1528624e+002  1.5751198e+002
  1.8589333e+001  5.0027355e+001
  1.5380286e+001  7.6642909e+001
  1.5117776e+001  1.0476627e+002
  1.7829437e+001  1.3143709e+002
  2.3501451e+001  1.5813554e+002
  3.3627814e+001  1.8339527e+002
  4.9688700e+001  2.0723008e+002
  7.1725560e+001  2.2519945e+002
  9.9696945e+001  2.4174391e+002
  1.2777886e+002  2.4644695e+002
  1.5597131e+002  2.3930857e+002
  1.8127248e+002  2.2474168e+002
  1.9922803e+002  2.0418499e+002
  2.1426468e+002  1.7916015e+002
  2.2336680e+002  1.5556021e+002
  2.2950857e+002  1.3193265e+002
  2.3123744e+002  1.0530328e+002
  2.3295249e+002  8.0154082e+001
  2.3170719e+002  5.4977256e+001
