  1.0283774e+002  5.4347309e+001
  9.3704234e+001  4.6816885e+001
  8.1563332e+001  4.3849238e+001
  6.7930656e+001  4.5436417e+001
  5.8868707e+001  5.1546619e+001
  6.7986309e+001  5.6045793e+001
  8.0119260e+001  5.7497815e+001
  9.2244262e+001  5.7434212e+001
  1.5284542e+002  5.2569322e+001
  1.6039174e+002  4.6467069e+001
  1.7400852e+002  4.1848640e+001
  1.8614942e+002  4.4816288e+001
  1.9528292e+002  5.2346711e+001
  1.8621302e+002  5.6941289e+001
  1.7408802e+002  5.7004892e+001
  1.6347069e+002  5.5544919e+001
  9.8147755e+001  2.7089907e+001
  7.9928452e+001  2.1122811e+001
  6.0209424e+001  1.8194915e+001
  4.8124174e+001  2.5836644e+001
  4.2085524e+001  3.0415321e+001
  4.6664201e+001  3.6453971e+001
  5.1195176e+001  3.3398869e+001
  6.0280977e+001  3.1835542e+001
  7.8476429e+001  3.3255763e+001
  9.8187507e+001  3.4668033e+001
  1.5574151e+002  2.6787793e+001
  1.7086596e+002  2.0645789e+001
  1.9356854e+002  1.4464032e+001
  2.0878839e+002  2.6509530e+001
  2.1641422e+002  3.5563529e+001
  2.1037557e+002  4.0142206e+001
  2.0124207e+002  3.2611783e+001
  1.8759349e+002  3.1167711e+001
  1.7092161e+002  3.1255165e+001
  1.5728894e+002  3.2842343e+001
  1.1494684e+002  5.1252456e+001
  1.1505814e+002  7.2471208e+001
  1.0605980e+002  9.0706412e+001
  9.7037599e+001  1.0439474e+002
  1.0167193e+002  1.2104277e+002
  1.1831995e+002  1.1640844e+002
  1.3649951e+002  1.1479741e+002
  1.5320318e+002  1.2077245e+002
  1.5615493e+002  1.0560030e+002
  1.4698963e+002  9.2007378e+001
  1.3780047e+002  7.3867578e+001
  1.3767326e+002  4.9617575e+001
  8.6714436e+001  1.5901290e+002
  1.0335451e+002  1.5286295e+002
  1.1847896e+002  1.4672094e+002
  1.2760451e+002  1.5273574e+002
  1.3667441e+002  1.4814116e+002
  1.5337809e+002  1.5411621e+002
  1.6553490e+002  1.6011511e+002
  1.5041840e+002  1.6777274e+002
  1.4134850e+002  1.7236731e+002
  1.2772377e+002  1.7547012e+002
  1.1406724e+002  1.7251042e+002
  1.0040277e+002  1.6803510e+002
  1.0187864e+002  1.6044902e+002
  1.1400364e+002  1.6038542e+002
  1.2765222e+002  1.6182949e+002
  1.4431614e+002  1.6022641e+002
  1.5493347e+002  1.6168638e+002
  1.4431614e+002  1.6022641e+002
  1.2765222e+002  1.6182949e+002
  1.1400364e+002  1.6038542e+002
  2.0962177e+001  4.8714128e+001
  1.8066083e+001  7.4495657e+001
  1.8201239e+001  1.0026129e+002
  2.1383546e+001  1.2904226e+002
  2.9096828e+001  1.5476814e+002
  3.9841361e+001  1.8047811e+002
  5.6632493e+001  2.0312504e+002
  7.6423075e+001  2.1969356e+002
  1.0225231e+002  2.3168340e+002
  1.2955741e+002  2.3608717e+002
  1.5530714e+002  2.3292077e+002
  1.7949354e+002  2.2066856e+002
  2.0061688e+002  2.0236975e+002
  2.1414621e+002  1.8107945e+002
  2.2615990e+002  1.5979709e+002
  2.3359492e+002  1.3247609e+002
  2.3647511e+002  1.0366331e+002
  2.3785558e+002  7.7889729e+001
  2.3771248e+002  5.0608476e+001
