  1.0001458e+002  5.7914669e+001
  8.8042668e+001  4.8695725e+001
  7.5993954e+001  4.5520338e+001
  6.3868437e+001  4.8388510e+001
  5.1685316e+001  5.5789350e+001
  6.3695628e+001  6.1986515e+001
  7.7255232e+001  6.5181103e+001
  8.6339769e+001  6.3785419e+001
  1.5893927e+002  5.8663506e+001
  1.6658972e+002  5.1205064e+001
  1.7873444e+002  4.6826003e+001
  1.9229404e+002  5.0020590e+001
  2.0277427e+002  5.7709444e+001
  1.9215964e+002  6.0596817e+001
  1.8154501e+002  6.3484189e+001
  1.6796620e+002  6.1800491e+001
  9.7434421e+001  2.3125809e+001
  8.0891441e+001  1.6871041e+001
  5.5244721e+001  1.3522846e+001
  4.1531510e+001  2.2415374e+001
  3.3861857e+001  3.1384707e+001
  3.6845234e+001  3.4444887e+001
  4.4476486e+001  2.8497334e+001
  5.6640405e+001  2.2607384e+001
  8.0776235e+001  2.5936378e+001
  9.4316638e+001  3.0641855e+001
  1.5184564e+002  2.2306154e+001
  1.7156401e+002  1.6512208e+001
  1.9426576e+002  1.3778443e+001
  2.1082794e+002  1.8522322e+001
  2.1979727e+002  2.6191975e+001
  2.1516860e+002  3.3688820e+001
  2.0618006e+002  2.7530056e+001
  1.9411215e+002  2.5865559e+001
  1.7292129e+002  2.8618525e+001
  1.5626311e+002  3.1429094e+001
  1.1518108e+002  5.3574010e+001
  1.1189048e+002  7.4688061e+001
  1.0867670e+002  8.9758554e+001
  9.7870058e+001  1.0775482e+002
  1.0372161e+002  1.2294052e+002
  1.2036059e+002  1.2164084e+002
  1.3698038e+002  1.2185205e+002
  1.5208927e+002  1.2204406e+002
  1.5375377e+002  1.0997615e+002
  1.4644893e+002  9.0238578e+001
  1.4059738e+002  7.5052879e+001
  1.3784442e+002  5.3862025e+001
  8.6602597e+001  1.6201244e+002
  9.8843321e+001  1.5007893e+002
  1.1098804e+002  1.4569987e+002
  1.2605853e+002  1.4891366e+002
  1.3969494e+002  1.4606469e+002
  1.5174365e+002  1.4924007e+002
  1.7125081e+002  1.6006591e+002
  1.5755680e+002  1.6744755e+002
  1.4388199e+002  1.7331830e+002
  1.2724301e+002  1.7461798e+002
  1.1213411e+002  1.7442597e+002
  9.8612910e+001  1.6820960e+002
  9.7198025e+001  1.6063595e+002
  1.1232612e+002  1.5931707e+002
  1.2741581e+002  1.6101997e+002
  1.4556569e+002  1.5973950e+002
  1.5765281e+002  1.5989310e+002
  1.4556569e+002  1.5973950e+002
  1.2741581e+002  1.6101997e+002
  1.1232612e+002  1.5931707e+002
  2.4546908e+001  5.0911064e+001
  2.7242271e+001  7.6634587e+001
  2.9937634e+001  1.0235811e+002
  3.5635575e+001  1.2963092e+002
  3.8330938e+001  1.5535445e+002
  4.4105682e+001  1.7658371e+002
  5.8926563e+001  1.9943906e+002
  7.9867805e+001  2.1632765e+002
  1.0239674e+002  2.2719189e+002
  1.2802426e+002  2.3205098e+002
  1.5374778e+002  2.2935562e+002
  1.7652633e+002  2.2057829e+002
  1.9788999e+002  2.0422732e+002
  2.1177601e+002  1.8173679e+002
  2.1810759e+002  1.5915025e+002
  2.2296667e+002  1.3352273e+002
  2.2935584e+002  1.0640353e+002
  2.3270404e+002  8.0756806e+001
  2.3301126e+002  5.6582574e+001
