  9.7212118e+001  5.4967390e+001
  8.7891350e+001  4.7675331e+001
  7.5681805e+001  4.5020282e+001
  6.3659242e+001  4.8423261e+001
  5.4712439e+001  5.3247255e+001
  6.3939716e+001  5.7510301e+001
  7.4588009e+001  5.8697589e+001
  8.6704063e+001  5.8323623e+001
  1.6077466e+002  5.1489566e+001
  1.6967471e+002  4.5151065e+001
  1.8169727e+002  4.1748086e+001
  1.9239231e+002  4.4449880e+001
  2.0166634e+002  5.0227433e+001
  1.9271953e+002  5.5051427e+001
  1.8211799e+002  5.5378647e+001
  1.6995519e+002  5.4238105e+001
  1.0110120e+002  3.3624059e+001
  8.5582167e+001  2.1975462e+001
  4.7579262e+001  1.8600583e+001
  3.7211443e+001  2.6500336e+001
  3.1480636e+001  3.7288866e+001
  3.4790123e+001  4.6282415e+001
  4.2222420e+001  4.1505167e+001
  5.2683730e+001  3.6634427e+001
  8.1552849e+001  3.8775273e+001
  9.9913912e+001  4.4272352e+001
  1.5089294e+002  2.6023425e+001
  1.7195580e+002  2.0825466e+001
  2.0664921e+002  1.5206796e+001
  2.2349577e+002  2.0750620e+001
  2.2703899e+002  3.7316703e+001
  2.2263570e+002  4.2000460e+001
  2.1639069e+002  3.6129416e+001
  2.0257315e+002  3.0492100e+001
  1.7237651e+002  3.4456026e+001
  1.5434266e+002  3.9560495e+001
  1.1226369e+002  5.1470920e+001
  1.0998261e+002  7.5796519e+001
  1.0443879e+002  9.2643076e+001
  9.5725712e+001  1.0503960e+002
  9.7660929e+001  1.1862342e+002
  1.1455423e+002  1.2568175e+002
  1.2969930e+002  1.2521429e+002
  1.5379117e+002  1.1992284e+002
  1.5483822e+002  1.0473103e+002
  1.4390945e+002  9.4456702e+001
  1.3871149e+002  7.3393845e+001
  1.3649580e+002  5.0722990e+001
  8.5245756e+001  1.5842130e+002
  9.8642588e+001  1.5042806e+002
  1.0910390e+002  1.4555732e+002
  1.2438920e+002  1.4963338e+002
  1.3641177e+002  1.4623040e+002
  1.5325832e+002  1.5177423e+002
  1.7161938e+002  1.5727131e+002
  1.5372578e+002  1.6691930e+002
  1.4018871e+002  1.7036902e+002
  1.2357588e+002  1.7239773e+002
  1.0833732e+002  1.6983617e+002
  9.7595538e+001  1.6561987e+002
  9.2865035e+001  1.5970208e+002
  1.0640211e+002  1.5625236e+002
  1.2462293e+002  1.5720592e+002
  1.4279701e+002  1.5664497e+002
  1.6106458e+002  1.5911303e+002
  1.4289050e+002  1.5967398e+002
  1.2471642e+002  1.6023493e+002
  1.0649560e+002  1.5928137e+002
  2.5890065e+001  5.2620916e+001
  2.3655728e+001  7.8461022e+001
  2.8947179e+001  1.0255289e+002
  3.5753136e+001  1.2659802e+002
  3.9576826e+001  1.5225114e+002
  4.9365051e+001  1.7468827e+002
  6.3650051e+001  1.9547065e+002
  7.9402812e+001  2.1469178e+002
  1.0112011e+002  2.3069692e+002
  1.2700696e+002  2.3444576e+002
  1.5270683e+002  2.3213658e+002
  1.7798599e+002  2.1619683e+002
  1.9720712e+002  2.0044407e+002
  2.1165100e+002  1.7725902e+002
  2.1852235e+002  1.5430769e+002
  2.2373895e+002  1.2685958e+002
  2.3354582e+002  1.0078575e+002
  2.4032368e+002  7.4805406e+001
  2.3952901e+002  4.9058791e+001
