  1.0170608e+002  5.4559357e+001
  9.2646965e+001  4.8497907e+001
  8.2071213e+001  4.5457011e+001
  6.9976283e+001  4.6948217e+001
  6.0896822e+001  5.2979153e+001
  6.8444393e+001  5.9038060e+001
  8.0536779e+001  5.9058403e+001
  9.2631708e+001  5.7567197e+001
  1.5612182e+002  5.4650899e+001
  1.6368974e+002  4.8617419e+001
  1.7730130e+002  4.4105660e+001
  1.8787705e+002  4.7146556e+001
  1.9542462e+002  5.3205463e+001
  1.8785671e+002  5.9238943e+001
  1.7727333e+002  6.0732691e+001
  1.6518094e+002  6.0712349e+001
  1.0478512e+002  2.1310380e+001
  8.6659257e+001  1.3722125e+001
  6.7004043e+001  1.6712165e+001
  5.0371926e+001  1.9707291e+001
  4.1284836e+001  3.0272872e+001
  4.4297762e+001  3.6324151e+001
  5.4888771e+001  3.0295757e+001
  7.0006797e+001  2.8809637e+001
  8.8145377e+001  2.8840151e+001
  1.0325832e+002  3.0377127e+001
  1.4408792e+002  1.9864945e+001
  1.6676877e+002  1.5368442e+001
  1.8944200e+002  1.5406584e+001
  2.0303576e+002  2.1475663e+001
  2.1057570e+002  3.2069215e+001
  2.0300779e+002  3.8102694e+001
  1.9394867e+002  3.2041244e+001
  1.8337292e+002  2.9000348e+001
  1.6674335e+002  3.0483925e+001
  1.4709068e+002  3.1962417e+001
  1.1682920e+002  5.0050141e+001
  1.1679868e+002  6.8188720e+001
  1.0769125e+002  9.0846688e+001
  9.7084983e+001  1.0594437e+002
  1.0461984e+002  1.1956102e+002
  1.1975058e+002  1.1051716e+002
  1.3335451e+002  1.1054004e+002
  1.4845728e+002  1.1812321e+002
  1.5452891e+002  1.0301790e+002
  1.4548504e+002  8.7887162e+001
  1.3796036e+002  6.8224320e+001
  1.3647678e+002  5.1594745e+001
  8.1880502e+001  1.5882313e+002
  9.5499693e+001  1.4977673e+002
  1.1213690e+002  1.4375851e+002
  1.2876393e+002  1.4378648e+002
  1.4387941e+002  1.4381191e+002
  1.5898727e+002  1.4837198e+002
  1.7257340e+002  1.5897570e+002
  1.5895929e+002  1.6499901e+002
  1.4534519e+002  1.7102232e+002
  1.2871561e+002  1.7250590e+002
  1.1209113e+002  1.7096638e+002
  9.6980728e+001  1.6791785e+002
  9.5481894e+001  1.6035757e+002
  1.1363065e+002  1.5434189e+002
  1.2874613e+002  1.5436732e+002
  1.4839626e+002  1.5440037e+002
  1.6350411e+002  1.5896045e+002
  1.4838863e+002  1.5893502e+002
  1.2873596e+002  1.6041351e+002
  1.1362302e+002  1.5887653e+002
  2.9159393e+001  4.9902658e+001
  2.4578978e+001  7.7102899e+001
  2.4533207e+001  1.0431077e+002
  2.9019539e+001  1.3303781e+002
  3.5019961e+001  1.6025586e+002
  4.2531932e+001  1.8747644e+002
  5.6095182e+001  2.1168410e+002
  7.2686614e+001  2.3287374e+002
  9.8362593e+001  2.4500936e+002
  1.2859102e+002  2.4657176e+002
  1.5580397e+002  2.4359444e+002
  1.7850008e+002  2.3002864e+002
  1.9817564e+002  2.1494622e+002
  2.1333689e+002  1.8776378e+002
  2.1791731e+002  1.6056354e+002
  2.2098617e+002  1.3336075e+002
  2.2707559e+002  1.0767460e+002
  2.2863291e+002  8.0469275e+001
  2.2867868e+002  5.3261405e+001
