  1.0001746e+002  5.0857486e+001
  8.9424005e+001  4.6257870e+001
  7.7299741e+001  4.4683929e+001
  6.6677531e+001  4.6150040e+001
  5.7550187e+001  5.2172634e+001
  6.6641587e+001  5.3732198e+001
  7.7249420e+001  5.5298950e+001
  8.7871630e+001  5.3832839e+001
  1.5611105e+002  5.4156331e+001
  1.6676202e+002  4.6624493e+001
  1.8043147e+002  4.2139897e+001
  1.9406497e+002  4.5237458e+001
  2.0161838e+002  5.1339128e+001
  1.9249822e+002  5.5845291e+001
  1.7883596e+002  5.8813456e+001
  1.6671889e+002  5.5723083e+001
  1.0770745e+002  2.8146955e+001
  8.4989729e+001  2.1973398e+001
  5.7715526e+001  1.7294707e+001
  4.2522456e+001  2.3288547e+001
  3.4889977e+001  3.3867624e+001
  3.7901274e+001  3.8431297e+001
  4.8537861e+001  3.3932323e+001
  6.0683691e+001  3.0956969e+001
  8.1899356e+001  3.4090474e+001
  1.0310064e+002  4.0256842e+001
  1.5318602e+002  3.1395479e+001
  1.6535342e+002  2.3870831e+001
  1.8508859e+002  1.9414989e+001
  2.0480939e+002  1.7992010e+001
  2.1994495e+002  2.4129624e+001
  2.1837820e+002  3.4737456e+001
  2.0322826e+002  3.1632706e+001
  1.8654751e+002  3.1553630e+001
  1.6985239e+002  3.4507418e+001
  1.6072504e+002  4.0530012e+001
  1.1669821e+002  5.0936561e+001
  1.1657600e+002  7.6715899e+001
  1.0739115e+002  9.4869946e+001
  9.8235047e+001  1.0695827e+002
  1.0120321e+002  1.2062053e+002
  1.2239731e+002  1.2830333e+002
  1.3604520e+002  1.2836803e+002
  1.5579475e+002  1.2087932e+002
  1.5889950e+002  1.0572938e+002
  1.4985123e+002  9.5071229e+001
  1.4387177e+002  7.6845295e+001
  1.4400116e+002  4.9549526e+001
  9.1924905e+001  1.5848819e+002
  1.0255430e+002  1.5550564e+002
  1.1622375e+002  1.5102105e+002
  1.2834083e+002  1.5411142e+002
  1.3897742e+002  1.4961245e+002
  1.5411298e+002  1.5575006e+002
  1.6622287e+002  1.6035686e+002
  1.5404109e+002  1.7091438e+002
  1.4188088e+002  1.7692259e+002
  1.2821862e+002  1.7989076e+002
  1.1306149e+002  1.7830244e+002
  1.0095880e+002  1.7217920e+002
  9.7976254e+001  1.6154980e+002
  1.1314776e+002  1.6010526e+002
  1.2831207e+002  1.6017715e+002
  1.4347639e+002  1.6024903e+002
  1.5712428e+002  1.6031373e+002
  1.4346920e+002  1.6176547e+002
  1.2829770e+002  1.6321001e+002
  1.1313338e+002  1.6313812e+002
  1.9653774e+001  4.8960054e+001
  1.6498703e+001  7.4725013e+001
  1.6383684e+001  9.8987919e+001
  1.9287150e+001  1.2629806e+002
  2.5223480e+001  1.5362259e+002
  3.7254292e+001  1.7491014e+002
  5.5358018e+001  1.9471002e+002
  7.6508985e+001  2.1149140e+002
  9.9197949e+001  2.2373069e+002
  1.2645778e+002  2.3144224e+002
  1.5378230e+002  2.2550591e+002
  1.7810271e+002  2.1348948e+002
  1.9637897e+002  1.9689500e+002
  2.1315317e+002  1.7726046e+002
  2.2539245e+002  1.5457150e+002
  2.3007114e+002  1.2729729e+002
  2.3170978e+002  1.0152514e+002
  2.3183199e+002  7.5745808e+001
  2.3195420e+002  4.9966470e+001
