  1.0265807e+002  5.4412432e+001
  9.5126212e+001  4.6877183e+001
  8.1567174e+001  4.0847287e+001
  6.8005761e+001  4.5364366e+001
  5.8963462e+001  5.4402594e+001
  6.9509758e+001  5.7418390e+001
  8.1563442e+001  5.7421103e+001
  9.2110756e+001  5.5916768e+001
  1.5991273e+002  5.5932033e+001
  1.6744866e+002  4.5386755e+001
  1.7799631e+002  4.2375709e+001
  1.8854295e+002  4.3884794e+001
  1.9758151e+002  5.1420382e+001
  1.9306003e+002  5.7446207e+001
  1.8100600e+002  5.8950204e+001
  1.7045937e+002  5.7441119e+001
  1.0266519e+002  2.2771509e+001
  8.0065891e+001  1.6739579e+001
  5.7466929e+001  9.2009370e+000
  3.7876638e+001  2.2756922e+001
  3.0339693e+001  3.7822332e+001
  3.6365856e+001  4.0837110e+001
  4.3902123e+001  2.8785121e+001
  5.5957165e+001  2.2760993e+001
  8.0063177e+001  2.8793263e+001
  1.0266316e+002  3.1811773e+001
  1.5389200e+002  2.8809886e+001
  1.7498832e+002  1.8267661e+001
  1.9909772e+002  9.2328260e+000
  2.0813629e+002  1.6768414e+001
  2.1114768e+002  2.5809356e+001
  2.0964029e+002  2.8822438e+001
  2.0361378e+002  2.7314370e+001
  1.9608023e+002  2.7312674e+001
  1.8251916e+002  3.0323042e+001
  1.5840975e+002  3.9357878e+001
  1.2073961e+002  4.9896371e+001
  1.2073385e+002  7.5510451e+001
  1.1470192e+002  9.8109752e+001
  1.0264586e+002  1.0865401e+002
  1.0414884e+002  1.2522817e+002
  1.2674678e+002  1.3728694e+002
  1.4181389e+002  1.3729033e+002
  1.5989645e+002  1.2825414e+002
  1.6291360e+002  1.1168100e+002
  1.5236968e+002  9.8118233e+001
  1.4484122e+002  7.5515878e+001
  1.4334027e+002  4.9901459e+001
  8.7567556e+001  1.5837207e+002
  9.8115547e+001  1.5385431e+002
  1.1770312e+002  1.5235201e+002
  1.2975579e+002  1.5687486e+002
  1.4482358e+002  1.5386483e+002
  1.5537055e+002  1.5386720e+002
  1.7194335e+002  1.5839107e+002
  1.5687353e+002  1.7044136e+002
  1.4481849e+002  1.7646549e+002
  1.3276446e+002  1.7796948e+002
  1.2071112e+002  1.7646006e+002
  1.0715242e+002  1.6892345e+002
  1.0112761e+002  1.5988183e+002
  1.1167425e+002  1.6139092e+002
  1.2975443e+002  1.6290170e+002
  1.4632859e+002  1.6139872e+002
  1.5687556e+002  1.6140110e+002
  1.4632859e+002  1.6139872e+002
  1.2975443e+002  1.6290170e+002
  1.1167425e+002  1.6139092e+002
  2.1297055e+001  4.8367270e+001
  1.9784577e+001  7.3981011e+001
  2.1285181e+001  1.0110214e+002
  2.4292496e+001  1.2822361e+002
  3.0313571e+001  1.5383905e+002
  4.0854778e+001  1.7945550e+002
  5.7423845e+001  2.0055318e+002
  7.7007012e+001  2.1863812e+002
  1.0111133e+002  2.3220394e+002
  1.2823110e+002  2.3673018e+002
  1.5083244e+002  2.3372185e+002
  1.7042409e+002  2.1413902e+002
  1.7946910e+002  1.9304711e+002
  1.9152787e+002  1.7044916e+002
  2.0207960e+002  1.4935759e+002
  2.1112495e+002  1.2675897e+002
  2.1715756e+002  1.0114624e+002
  2.1716332e+002  7.5532162e+001
  2.1566204e+002  5.1424453e+001
