  9.5307318e+001  5.5160062e+001
  8.6397758e+001  4.7415386e+001
  7.2828800e+001  4.5620911e+001
  6.2156244e+001  4.9934034e+001
  5.2900409e+001  5.8812115e+001
  6.3447047e+001  6.0543631e+001
  7.4025165e+001  6.0763987e+001
  8.6177401e+001  5.7993504e+001
  1.5723338e+002  5.7961880e+001
  1.6645774e+002  5.0594959e+001
  1.8163230e+002  4.7887434e+001
  1.9362713e+002  5.2672749e+001
  2.0404785e+002  6.0448904e+001
  1.9192710e+002  6.1708228e+001
  1.7980634e+002  6.2967551e+001
  1.6774854e+002  6.1204556e+001
  1.0040743e+002  2.8053626e+001
  7.3332472e+001  2.1442357e+001
  4.6100119e+001  2.2386886e+001
  3.6812805e+001  3.2776127e+001
  2.9068129e+001  4.1685687e+001
  3.5018330e+001  4.6345084e+001
  4.1220366e+001  3.8915204e+001
  5.1892922e+001  3.4602081e+001
  7.3049157e+001  3.5042794e+001
  9.7164752e+001  3.8568785e+001
  1.5946857e+002  2.3236688e+001
  1.7763397e+002  2.2103282e+001
  2.0030136e+002  2.2575474e+001
  2.1072208e+002  3.0351629e+001
  2.2265396e+002  3.8159263e+001
  2.1799456e+002  4.4109463e+001
  2.0603121e+002  3.7812989e+001
  1.9853837e+002  3.4633272e+001
  1.7735065e+002  3.5703719e+001
  1.6069642e+002  3.6868604e+001
  1.1954883e+002  5.2641414e+001
  1.1762844e+002  7.2255010e+001
  1.1117457e+002  9.1774167e+001
  9.8833453e+001  1.0361161e+002
  1.0456330e+002  1.1884912e+002
  1.2124901e+002  1.1617308e+002
  1.3636061e+002  1.1648787e+002
  1.5292041e+002  1.1985647e+002
  1.5927984e+002  1.0487079e+002
  1.4744240e+002  9.2529675e+001
  1.4180699e+002  7.2758682e+001
  1.4067359e+002  5.4593286e+001
  9.0238832e+001  1.5332248e+002
  1.0248551e+002  1.4601852e+002
  1.1624334e+002  1.3874603e+002
  1.2830114e+002  1.4050903e+002
  1.3891074e+002  1.3921823e+002
  1.5392789e+002  1.4406650e+002
  1.7036177e+002  1.5347973e+002
  1.5663542e+002  1.5924106e+002
  1.4139790e+002  1.6497090e+002
  1.2930863e+002  1.6471906e+002
  1.1869903e+002  1.6600987e+002
  1.0670419e+002  1.6122455e+002
  1.0390223e+002  1.5058348e+002
  1.1454330e+002  1.4778151e+002
  1.2811226e+002  1.4957599e+002
  1.4171270e+002  1.4985930e+002
  1.5679282e+002  1.5168526e+002
  1.4164974e+002  1.5288162e+002
  1.2952898e+002  1.5414095e+002
  1.1448035e+002  1.5080383e+002
  1.5278816e+001  5.0469329e+001
  1.1721345e+001  7.6096085e+001
  1.2665874e+001  1.0332844e+002
  1.8175361e+001  1.2914407e+002
  2.5164529e+001  1.5650234e+002
  3.6750134e+001  1.8093273e+002
  5.4443337e+001  2.0246672e+002
  7.3773618e+001  2.1798755e+002
  9.9274455e+001  2.2758966e+002
  1.2789205e+002  2.3272125e+002
  1.5364472e+002  2.3023408e+002
  1.7653247e+002  2.2012815e+002
  2.0102582e+002  2.0552023e+002
  2.1808929e+002  1.8471027e+002
  2.2769140e+002  1.5920943e+002
  2.3272855e+002  1.3512532e+002
  2.3628602e+002  1.0949856e+002
  2.3836381e+002  8.2329167e+001
  2.3735633e+002  5.8119133e+001
