  9.9779586e+001  5.5552870e+001
  8.8984057e+001  4.8236013e+001
  7.6784825e+001  4.5503191e+001
  6.4772056e+001  5.0348273e+001
  5.4312160e+001  5.6671644e+001
  6.3517522e+001  6.0994632e+001
  7.7232335e+001  6.3690161e+001
  8.9282397e+001  6.0360660e+001
  1.5585608e+002  5.4173048e+001
  1.6627868e+002  4.6334096e+001
  1.7988162e+002  4.4482883e+001
  1.9211814e+002  4.8731286e+001
  2.0287638e+002  5.4532562e+001
  1.9090090e+002  6.0893225e+001
  1.7877625e+002  6.1191565e+001
  1.6506144e+002  5.8496035e+001
  1.1141943e+002  3.5551979e+001
  9.7518155e+001  2.5278545e+001
  6.0957752e+001  1.8595660e+001
  4.4584702e+001  3.1130525e+001
  3.7267845e+001  4.1926053e+001
  4.1926465e+001  4.6360918e+001
  5.2349069e+001  3.8521966e+001
  6.2883550e+001  3.5229757e+001
  8.5654556e+001  3.6185951e+001
  1.0705915e+002  4.3241760e+001
  1.4601674e+002  2.4085185e+001
  1.7011687e+002  1.7426182e+001
  1.9277599e+002  1.3835633e+001
  2.1122401e+002  2.3997189e+001
  2.2065313e+002  3.7413662e+001
  2.1777114e+002  4.3550571e+001
  2.0538544e+002  3.3239845e+001
  1.9011776e+002  2.9066027e+001
  1.7200537e+002  3.2544698e+001
  1.5237741e+002  3.6060662e+001
  1.1341981e+002  5.5217237e+001
  1.1231445e+002  7.1925919e+001
  1.0507218e+002  8.5752610e+001
  9.3245871e+001  9.8175596e+001
  9.9755704e+001  1.1621340e+002
  1.1631522e+002  1.1125644e+002
  1.3150832e+002  1.1239909e+002
  1.5136004e+002  1.1797661e+002
  1.5549656e+002  1.0119335e+002
  1.4299899e+002  8.6335878e+001
  1.3504816e+002  7.1366532e+001
  1.3312237e+002  5.4732435e+001
  7.9507177e+001  1.5614059e+002
  9.4476523e+001  1.4818976e+002
  1.0793029e+002  1.4027623e+002
  1.2319797e+002  1.4445005e+002
  1.3827920e+002  1.4104596e+002
  1.5358418e+002  1.4673536e+002
  1.6900103e+002  1.5697150e+002
  1.5391981e+002  1.6037559e+002
  1.4031687e+002  1.6222680e+002
  1.2360819e+002  1.6112143e+002
  1.0693680e+002  1.6153165e+002
  9.3259282e+001  1.6035170e+002
  9.6103981e+001  1.5269922e+002
  1.0822863e+002  1.5240088e+002
  1.2338444e+002  1.5202795e+002
  1.4157141e+002  1.5158044e+002
  1.5680180e+002  1.5423868e+002
  1.4157141e+002  1.5158044e+002
  1.2338444e+002  1.5202795e+002
  1.0822863e+002  1.5240088e+002
  2.3963250e+001  5.5901913e+001
  2.1566061e+001  8.1741373e+001
  2.2237325e+001  1.0902183e+002
  2.5902459e+001  1.3471212e+002
  2.9604886e+001  1.6191799e+002
  3.6263889e+001  1.8601811e+002
  5.1941792e+001  2.0686332e+002
  7.5048430e+001  2.2145974e+002
  9.9596064e+001  2.3298771e+002
  1.2702569e+002  2.3837877e+002
  1.5726272e+002  2.3460176e+002
  1.8280384e+002  2.2487430e+002
  2.0671750e+002  2.1063739e+002
  2.2593525e+002  1.9045004e+002
  2.3583576e+002  1.6139295e+002
  2.4122682e+002  1.3396333e+002
  2.4203384e+002  1.0513000e+002
  2.4136258e+002  7.7849543e+001
  2.3769744e+002  5.2159254e+001
