  1.0168203e+002  5.2061087e+001
  9.2812974e+001  4.4246316e+001
  8.0751298e+001  4.2399841e+001
  6.8564539e+001  4.5092130e+001
  6.0833155e+001  5.0935344e+001
  6.8356068e+001  5.2656736e+001
  8.0376050e+001  5.6016133e+001
  9.2521115e+001  5.4836765e+001
  1.5610550e+002  5.5075000e+001
  1.6387858e+002  4.7718864e+001
  1.7761996e+002  4.3555348e+001
  1.8963994e+002  4.6914744e+001
  1.9703777e+002  5.3174900e+001
  1.8938977e+002  5.5992272e+001
  1.7724471e+002  5.7171640e+001
  1.6514134e+002  5.6838086e+001
  1.0844252e+002  2.6508202e+001
  8.8941317e+001  1.9914492e+001
  6.3221655e+001  1.9205691e+001
  4.9396892e+001  2.6395049e+001
  4.4607963e+001  3.5347495e+001
  4.8979950e+001  4.1524263e+001
  5.6711333e+001  3.5681048e+001
  6.5913944e+001  3.1392450e+001
  8.8607764e+001  3.2017862e+001
  1.0667943e+002  3.5544035e+001
  1.4017217e+002  2.8896701e+001
  1.5559324e+002  1.8723194e+001
  1.8748967e+002  1.5060008e+001
  2.0249381e+002  2.0015714e+001
  2.1115439e+002  3.5395092e+001
  2.0497762e+002  3.9767079e+001
  1.9615026e+002  3.0439386e+001
  1.8560151e+002  2.8634605e+001
  1.6131138e+002  3.0993341e+001
  1.4450246e+002  3.6586390e+001
  1.1992048e+002  4.9535575e+001
  1.1782384e+002  7.0674779e+001
  1.0971720e+002  9.0134286e+001
  1.0018104e+002  1.0652626e+002
  1.0430286e+002  1.2178055e+002
  1.2397084e+002  1.2232258e+002
  1.4061297e+002  1.2278121e+002
  1.5876803e+002  1.2328154e+002
  1.6376543e+002  1.0676449e+002
  1.5510484e+002  9.1385111e+001
  1.4509811e+002  6.9912353e+001
  1.4257260e+002  5.1673909e+001
  8.3759307e+001  1.5300987e+002
  1.0195606e+002  1.5199728e+002
  1.1868158e+002  1.4943008e+002
  1.3074326e+002  1.5127655e+002
  1.4440124e+002  1.5013888e+002
  1.5948876e+002  1.5206874e+002
  1.7445120e+002  1.5853737e+002
  1.5907182e+002  1.6719795e+002
  1.4688506e+002  1.6989024e+002
  1.3020123e+002  1.7094453e+002
  1.1355910e+002  1.7048589e+002
  9.8596661e+001  1.6401727e+002
  1.0031805e+002  1.5649435e+002
  1.1544727e+002  1.5691130e+002
  1.3057648e+002  1.5732824e+002
  1.4570569e+002  1.5774518e+002
  1.6381905e+002  1.5975843e+002
  1.4566400e+002  1.5925810e+002
  1.3049309e+002  1.6035408e+002
  1.1540557e+002  1.5842422e+002
  1.7041826e+001  4.6700370e+001
  1.4778409e+001  7.3891260e+001
  9.4057610e+000  1.0402460e+002
  1.0209881e+001  1.2978596e+002
  1.6982298e+001  1.5873994e+002
  2.8376867e+001  1.8479315e+002
  4.7502820e+001  2.0500315e+002
  7.1250925e+001  2.2231240e+002
  9.6762117e+001  2.3058580e+002
  1.2689546e+002  2.3595845e+002
  1.5274021e+002  2.3212849e+002
  1.7719711e+002  2.2371807e+002
  2.0186249e+002  2.0774304e+002
  2.1765881e+002  1.8395324e+002
  2.2441930e+002  1.5840035e+002
  2.2815394e+002  1.3276408e+002
  2.2890444e+002  1.0553150e+002
  2.2507447e+002  7.9686752e+001
  2.2427035e+002  5.3925396e+001
