  1.0038613e+002  5.2408402e+001
  9.1465351e+001  4.4641836e+001
  8.0899665e+001  4.2898784e+001
  6.8754496e+001  4.4151134e+001
  5.9473873e+001  5.3039194e+001
  7.0039559e+001  5.4782246e+001
  8.0670671e+001  5.3497183e+001
  9.1269070e+001  5.3726178e+001
  1.5489218e+002  5.3586087e+001
  1.6107926e+002  4.7660713e+001
  1.7328985e+002  4.3380250e+001
  1.8836500e+002  4.6735499e+001
  1.9573900e+002  5.5983408e+001
  1.8662195e+002  5.7301184e+001
  1.7450949e+002  5.7039476e+001
  1.6239703e+002  5.6777769e+001
  1.1012474e+002  2.2323543e+001
  8.7544736e+001  1.5776613e+001
  6.1740341e+001  1.8248598e+001
  4.7884834e+001  2.8552575e+001
  3.4029327e+001  3.8856552e+001
  4.1436044e+001  4.6590405e+001
  5.2230724e+001  3.7735057e+001
  6.9048918e+001  3.0524621e+001
  8.5736258e+001  2.9370412e+001
  1.0683492e+002  3.4370572e+001
  1.5097156e+002  2.4720864e+001
  1.6923838e+002  2.0571255e+001
  1.9043518e+002  2.1029244e+001
  2.0231864e+002  3.1889351e+001
  2.1120671e+002  4.1169974e+001
  2.0508505e+002  4.4067234e+001
  1.9616428e+002  3.6300668e+001
  1.8414996e+002  3.1496789e+001
  1.7052345e+002  3.1202368e+001
  1.5383611e+002  3.2356576e+001
  1.1710618e+002  4.9740136e+001
  1.1661548e+002  7.2450990e+001
  1.1019940e+002  8.8974763e+001
  9.6245752e+001  1.0382091e+002
  1.0352162e+002  1.1761099e+002
  1.1879304e+002  1.1188190e+002
  1.3393361e+002  1.1220903e+002
  1.5345278e+002  1.2020459e+002
  1.5990157e+002  1.0216676e+002
  1.4808354e+002  8.8278543e+001
  1.4084039e+002  7.2974406e+001
  1.3830298e+002  5.0198125e+001
  8.2890184e+001  1.6109337e+002
  9.9773805e+001  1.5085482e+002
  1.1662471e+002  1.4213032e+002
  1.3018580e+002  1.4545286e+002
  1.4387774e+002  1.4271917e+002
  1.5882203e+002  1.5213064e+002
  1.6925686e+002  1.5992992e+002
  1.5549949e+002  1.6569173e+002
  1.4631701e+002  1.7003762e+002
  1.2656884e+002  1.7264046e+002
  1.1448910e+002  1.7086469e+002
  1.0092801e+002  1.6754216e+002
  1.0109158e+002  1.5997187e+002
  1.1484895e+002  1.5421007e+002
  1.2998952e+002  1.5453720e+002
  1.4516280e+002  1.5335028e+002
  1.6020523e+002  1.5821959e+002
  1.4654600e+002  1.5943922e+002
  1.2831189e+002  1.6207477e+002
  1.1317132e+002  1.6174764e+002
  1.7211133e+001  4.6066989e+001
  1.8136347e+001  7.3352728e+001
  1.6000733e+001  1.0208710e+002
  1.6893234e+001  1.3088689e+002
  2.3841963e+001  1.5981754e+002
  3.3884232e+001  1.8578551e+002
  4.8501386e+001  2.1033755e+002
  7.2431876e+001  2.2448748e+002
  9.6460506e+001  2.3409524e+002
  1.2976976e+002  2.3481493e+002
  1.5856956e+002  2.3392243e+002
  1.8450481e+002  2.2539422e+002
  2.0458011e+002  2.0765081e+002
  2.1869732e+002  1.8523438e+002
  2.2685645e+002  1.5814492e+002
  2.3044069e+002  1.3247138e+002
  2.3251088e+002  1.0676513e+002
  2.3158567e+002  7.9479386e+001
  2.3062774e+002  5.3707705e+001
