  1.0503292e+002  4.9424756e+001
  9.4537608e+001  4.1925244e+001
  8.1042712e+001  3.7424236e+001
  6.6046668e+001  4.1920096e+001
  5.8547698e+001  4.9416357e+001
  6.9043276e+001  5.5416346e+001
  8.1039190e+001  5.6918037e+001
  9.3035917e+001  5.3921158e+001
  1.5451691e+002  5.0933221e+001
  1.6351567e+002  4.1937708e+001
  1.7701219e+002  3.7441577e+001
  1.8900784e+002  4.0442791e+001
  1.9800362e+002  4.7942032e+001
  1.8900540e+002  5.3938499e+001
  1.7700867e+002  5.6935378e+001
  1.6651255e+002  5.3934435e+001
  1.0953501e+002  2.9931768e+001
  9.6040653e+001  2.2431714e+001
  6.9050321e+001  1.6428745e+001
  5.1054688e+001  2.3923109e+001
  4.3555176e+001  3.4418416e+001
  4.5054157e+001  3.7417733e+001
  5.5551903e+001  3.1421537e+001
  7.0547676e+001  2.8425201e+001
  9.3039981e+001  3.1428311e+001
  1.0653488e+002  3.5929319e+001
  1.4852288e+002  2.8439290e+001
  1.5902063e+002  2.2443094e+001
  1.7551619e+002  1.7947505e+001
  1.9350885e+002  2.6947895e+001
  2.0400469e+002  3.1448361e+001
  2.0250409e+002  3.7446183e+001
  1.9050871e+002  3.2945446e+001
  1.7701382e+002  2.8444438e+001
  1.6351784e+002  2.9941522e+001
  1.5002132e+002  3.4437653e+001
  1.2002869e+002  4.6428420e+001
  1.1852510e+002  6.8920996e+001
  1.1102369e+002  8.9912965e+001
  1.0052432e+002  1.0490630e+002
  1.0352093e+002  1.1840255e+002
  1.2301392e+002  1.2290464e+002
  1.3950867e+002  1.2290762e+002
  1.5600397e+002  1.1991156e+002
  1.5900545e+002  1.0641639e+002
  1.5001102e+002  9.1419533e+001
  1.4101795e+002  6.8925060e+001
  1.4102174e+002  4.7931736e+001
  9.0018717e+001  1.5438867e+002
  1.0351443e+002  1.5439111e+002
  1.1851020e+002  1.5139477e+002
  1.2900605e+002  1.5589523e+002
  1.3950325e+002  1.5289809e+002
  1.5449767e+002  1.5739936e+002
  1.6799311e+002  1.5890133e+002
  1.5299490e+002  1.7539337e+002
  1.4099709e+002  1.8438834e+002
  1.2750138e+002  1.8438590e+002
  1.1250642e+002  1.8288367e+002
  1.0201138e+002  1.7388464e+002
  9.9014772e+001  1.6038839e+002
  1.1400973e+002  1.6189062e+002
  1.2750490e+002  1.6489210e+002
  1.4100061e+002  1.6489454e+002
  1.5749590e+002  1.6189847e+002
  1.4249959e+002  1.6789386e+002
  1.2750409e+002  1.6939067e+002
  1.1400892e+002  1.6638919e+002
  2.2559684e+001  4.6410808e+001
  1.8056509e+001  7.1901888e+001
  1.6551838e+001  1.0039256e+002
  1.9546007e+001  1.2738452e+002
  2.7038746e+001  1.5437729e+002
  3.9030866e+001  1.7687230e+002
  5.5521828e+001  1.9786861e+002
  7.5012106e+001  2.1736593e+002
  9.9002038e+001  2.3086597e+002
  1.2749135e+002  2.3986826e+002
  1.5448331e+002  2.3687409e+002
  1.7847839e+002  2.2188319e+002
  1.9797571e+002  2.0239291e+002
  2.1297528e+002  1.7840325e+002
  2.2497553e+002  1.5591258e+002
  2.3097850e+002  1.2892224e+002
  2.3098392e+002  9.8931780e+001
  2.3248778e+002  7.4939680e+001
  2.2799408e+002  4.7947451e+001
