  1.0028946e+002  5.3042490e+001
  9.3910262e+001  4.5724752e+001
  8.1664073e+001  4.3207415e+001
  6.8159216e+001  4.6813172e+001
  5.9326710e+001  5.3256390e+001
  6.8543364e+001  5.5901777e+001
  8.0789553e+001  5.8419114e+001
  9.2907693e+001  5.7906916e+001
  1.5185557e+002  5.2380416e+001
  1.5910929e+002  4.4486455e+001
  1.7109938e+002  4.0944723e+001
  1.8328154e+002  4.1947292e+001
  1.9571980e+002  4.9008932e+001
  1.8530851e+002  5.4001407e+001
  1.7331842e+002  5.7543140e+001
  1.6107223e+002  5.5025803e+001
  1.0223057e+002  2.7163394e+001
  8.3861287e+001  2.3387388e+001
  6.2462469e+001  1.9739432e+001
  4.3154640e+001  2.9660359e+001
  3.1420649e+001  3.9261161e+001
  3.6157026e+001  4.3613389e+001
  4.9533834e+001  3.6978097e+001
  6.3038691e+001  3.3372339e+001
  8.2794692e+001  3.4054785e+001
  9.8070416e+001  3.6444073e+001
  1.4767359e+002  2.5242652e+001
  1.6875229e+002  2.1316771e+001
  1.8976696e+002  1.5876122e+001
  2.1905974e+002  2.6777792e+001
  2.2563100e+002  3.8639832e+001
  2.2121475e+002  4.1861441e+001
  2.1325677e+002  3.3092961e+001
  1.9027916e+002  2.7994262e+001
  1.6913644e+002  3.0405376e+001
  1.4805774e+002  3.4331257e+001
  1.1379431e+002  4.9436732e+001
  1.1475468e+002  7.2158244e+001
  1.0939989e+002  8.9076784e+001
  9.6407227e+001  1.0480068e+002
  1.0317057e+002  1.2120702e+002
  1.1983301e+002  1.2050275e+002
  1.3340189e+002  1.1841176e+002
  1.5177118e+002  1.2218777e+002
  1.5864074e+002  1.0520520e+002
  1.4430356e+002  8.9118983e+001
  1.4050573e+002  7.1069823e+001
  1.3809462e+002  4.9927104e+001
  8.8044720e+001  1.5826571e+002
  1.0457911e+002  1.5453191e+002
  1.1656920e+002  1.5099017e+002
  1.2578586e+002  1.5363556e+002
  1.3929071e+002  1.5002980e+002
  1.5311569e+002  1.5399788e+002
  1.6851947e+002  1.5941671e+002
  1.4908359e+002  1.6630810e+002
  1.3702948e+002  1.6833506e+002
  1.2497536e+002  1.7036203e+002
  1.1272917e+002  1.6784469e+002
  1.0048298e+002  1.6532735e+002
  1.0022689e+002  1.5926828e+002
  1.0937951e+002  1.6039890e+002
  1.2604196e+002  1.5969463e+002
  1.3967486e+002  1.5911841e+002
  1.5185703e+002  1.6012098e+002
  1.3967486e+002  1.5911841e+002
  1.2604196e+002  1.5969463e+002
  1.0937951e+002  1.6039890e+002
  1.9814708e+001  5.1891498e+001
  1.9388361e+001  7.7706569e+001
  2.5021084e+001  1.0326554e+002
  3.0717831e+001  1.3033928e+002
  3.4899811e+001  1.5747705e+002
  4.3305970e+001  1.7684890e+002
  5.7835223e+001  1.9747942e+002
  7.5329986e+001  2.1646712e+002
  9.8627720e+001  2.2913966e+002
  1.2463487e+002  2.3411031e+002
  1.5183665e+002  2.3144310e+002
  1.7720355e+002  2.2126607e+002
  1.9928482e+002  2.0515803e+002
  2.1511494e+002  1.8476178e+002
  2.2765942e+002  1.5843451e+002
  2.3565961e+002  1.3229931e+002
  2.4056623e+002  1.0477740e+002
  2.4389406e+002  7.5804746e+001
  2.4419236e+002  4.6960140e+001
