  9.7769789e+001  5.3171089e+001
  9.1606877e+001  4.7229608e+001
  8.0960175e+001  4.4397263e+001
  6.7398091e+001  4.7672473e+001
  5.8402833e+001  5.2377694e+001
  6.7564165e+001  5.6750767e+001
  7.9696237e+001  5.8042384e+001
  9.0287581e+001  5.7848631e+001
  1.5826407e+002  5.0550879e+001
  1.6574628e+002  4.5873336e+001
  1.7628227e+002  4.2653485e+001
  1.8690129e+002  4.3972781e+001
  1.9609030e+002  4.9858903e+001
  1.8863577e+002  5.6049495e+001
  1.7804443e+002  5.6243248e+001
  1.6745308e+002  5.6437001e+001
  1.0480913e+002  2.4284761e+001
  8.3571088e+001  2.1646169e+001
  6.3901449e+001  2.2005996e+001
  4.8826316e+001  2.5308885e+001
  3.8373368e+001  3.3067883e+001
  4.3023231e+001  3.9037043e+001
  5.0533119e+001  3.5872549e+001
  6.5608252e+001  3.2569661e+001
  8.3764841e+001  3.2237513e+001
  1.0346216e+002  3.3390734e+001
  1.4871524e+002  2.4995118e+001
  1.6981489e+002  2.0068465e+001
  1.9399599e+002  1.8112551e+001
  2.0769647e+002  2.2402587e+001
  2.1691316e+002  2.9801759e+001
  2.1702388e+002  3.5853955e+001
  2.0629414e+002  2.8482463e+001
  1.9418975e+002  2.8703895e+001
  1.7152169e+002  3.0632129e+001
  1.5187973e+002  3.2505006e+001
  1.1435797e+002  4.9840521e+001
  1.1480084e+002  7.4049307e+001
  1.0754006e+002  9.0831242e+001
  9.7225506e+001  1.0615549e+002
  1.0655291e+002  1.1960685e+002
  1.1857427e+002  1.1484628e+002
  1.3370476e+002  1.1456948e+002
  1.4891829e+002  1.1883184e+002
  1.5474905e+002  1.0661673e+002
  1.4533861e+002  8.8626217e+001
  1.3900962e+002  7.3606443e+001
  1.3708139e+002  5.0938385e+001
  9.0656705e+001  1.6076365e+002
  1.0262270e+002  1.5297697e+002
  1.1615711e+002  1.4818871e+002
  1.2677613e+002  1.4950801e+002
  1.3582675e+002  1.4782889e+002
  1.4801418e+002  1.5214660e+002
  1.6479611e+002  1.5940738e+002
  1.5283011e+002  1.6719405e+002
  1.3929571e+002  1.7198231e+002
  1.2721900e+002  1.7371679e+002
  1.1354620e+002  1.7093981e+002
  1.0287181e+002  1.6659441e+002
  9.8194271e+001  1.5911220e+002
  1.1332476e+002  1.5883542e+002
  1.2845525e+002  1.5855862e+002
  1.4358575e+002  1.5828183e+002
  1.5420477e+002  1.5960113e+002
  1.4366878e+002  1.6282098e+002
  1.2853829e+002  1.6309777e+002
  1.1338012e+002  1.6186151e+002
  2.2034297e+001  5.0015893e+001
  2.0991791e+001  7.5765406e+001
  2.3003063e+001  1.0297261e+002
  2.6499704e+001  1.2863909e+002
  3.1592432e+001  1.5881703e+002
  4.2681998e+001  1.8585816e+002
  5.5146218e+001  2.0530637e+002
  7.5175684e+001  2.2461618e+002
  9.8120532e+001  2.3781844e+002
  1.2695150e+002  2.4183168e+002
  1.5558872e+002  2.3525358e+002
  1.7654997e+002  2.2276169e+002
  1.9437442e+002  2.0427295e+002
  2.1063045e+002  1.8278579e+002
  2.2075125e+002  1.5687020e+002
  2.2630522e+002  1.2952460e+002
  2.3188688e+002  1.0369205e+002
  2.3441475e+002  7.6401811e+001
  2.3391653e+002  4.9166928e+001
