  1.0051871e+002  5.4951857e+001
  9.2923722e+001  4.8888798e+001
  7.9260944e+001  4.5867519e+001
  6.5604473e+001  4.8917185e+001
  5.6505942e+001  5.6515328e+001
  6.7133249e+001  5.9539760e+001
  7.9276714e+001  6.1044880e+001
  9.1417026e+001  5.9514527e+001
  1.5516036e+002  5.7930554e+001
  1.6425890e+002  5.0332411e+001
  1.7639921e+002  4.8802059e+001
  1.8854267e+002  5.0307178e+001
  1.9917156e+002  5.4849347e+001
  1.8855371e+002  6.0931331e+001
  1.7641340e+002  6.2461683e+001
  1.6426994e+002  6.0956564e+001
  1.0200333e+002  2.3077822e+001
  7.9229402e+001  1.5512798e+001
  5.6460207e+001  1.2500982e+001
  4.2808467e+001  2.0103856e+001
  3.6746986e+001  2.9216580e+001
  3.9787189e+001  3.3766634e+001
  4.5854979e+001  3.0724854e+001
  5.6475977e+001  2.7678342e+001
  7.9242019e+001  2.7654686e+001
  1.0049663e+002  3.3703551e+001
  1.4905315e+002  2.3028933e+001
  1.6877899e+002  1.8455222e+001
  1.9609508e+002  1.5391363e+001
  2.0824328e+002  2.1449691e+001
  2.1584142e+002  3.0548222e+001
  2.1129452e+002  3.6623897e+001
  2.0218337e+002  3.2080151e+001
  1.9155606e+002  2.9055719e+001
  1.7030934e+002  3.0595534e+001
  1.5209966e+002  3.3649931e+001
  1.1569607e+002  5.4936086e+001
  1.1420042e+002  7.6185968e+001
  1.0359519e+002  9.4409840e+001
  9.7540014e+001  1.0959351e+002
  1.0362357e+002  1.2172909e+002
  1.1728005e+002  1.1867942e+002
  1.3093967e+002  1.1866523e+002
  1.4915566e+002  1.2168178e+002
  1.5217693e+002  1.0801900e+002
  1.4609022e+002  9.2847946e+001
  1.4000193e+002  7.6159158e+001
  1.3846211e+002  5.4912430e+001
  8.6969482e+001  1.6120758e+002
  9.9106639e+001  1.5664175e+002
  1.1427927e+002  1.5207277e+002
  1.2794047e+002  1.5357631e+002
  1.4159852e+002  1.5204438e+002
  1.5526130e+002  1.5506566e+002
  1.6740792e+002  1.5960626e+002
  1.5527076e+002  1.6417208e+002
  1.4161587e+002  1.6873948e+002
  1.2644008e+002  1.7027299e+002
  1.1277888e+002  1.6876945e+002
  1.0063384e+002  1.6574659e+002
  1.0214526e+002  1.5967407e+002
  1.1428558e+002  1.5814372e+002
  1.2794520e+002  1.5812952e+002
  1.4160483e+002  1.5811533e+002
  1.5678219e+002  1.5809956e+002
  1.4160798e+002  1.6115080e+002
  1.2794836e+002  1.6116500e+002
  1.1428873e+002  1.6117919e+002
  2.0075545e+001  5.1999969e+001
  2.0100778e+001  7.6283747e+001
  2.0129165e+001  1.0360300e+002
  2.4707607e+001  1.2788204e+002
  3.0805361e+001  1.5367725e+002
  4.2970906e+001  1.7643067e+002
  5.9686505e+001  1.9614389e+002
  7.7919840e+001  2.1585554e+002
  1.0221466e+002  2.2645446e+002
  1.2802090e+002  2.3098085e+002
  1.5381768e+002  2.2640084e+002
  1.7809042e+002  2.1575145e+002
  1.9932296e+002  2.0055201e+002
  2.1599755e+002  1.8080409e+002
  2.2963194e+002  1.5650612e+002
  2.3719539e+002  1.3221446e+002
  2.4172179e+002  1.0640822e+002
  2.4321429e+002  8.2122861e+001
  2.4318748e+002  5.6321348e+001
