  1.0121427e+002  5.3830402e+001
  8.8962725e+001  4.6478191e+001
  7.5279124e+001  4.3696319e+001
  6.3219494e+001  4.6944261e+001
  5.4215895e+001  5.1651680e+001
  6.1842266e+001  5.4543216e+001
  7.4011559e+001  5.7352504e+001
  8.6098605e+001  5.5618869e+001
  1.5264590e+002  4.9869646e+001
  1.6316380e+002  4.5134811e+001
  1.7522343e+002  4.1886868e+001
  1.8739273e+002  4.4696156e+001
  1.9504651e+002  4.9102000e+001
  1.8604291e+002  5.3809419e+001
  1.7547018e+002  5.5515638e+001
  1.6332830e+002  5.4220657e+001
  1.0834715e+002  2.9464399e+001
  9.7637332e+001  2.3599080e+001
  7.6409609e+001  2.2468595e+001
  6.1348779e+001  2.7285677e+001
  5.0830873e+001  3.2020512e+001
  5.2427429e+001  3.6536019e+001
  6.4487058e+001  3.3288076e+001
  7.9602719e+001  3.1499609e+001
  9.4773212e+001  3.2739758e+001
  1.0548303e+002  3.8605077e+001
  1.5520844e+002  2.4071583e+001
  1.7329789e+002  1.9199669e+001
  1.9001010e+002  2.1926709e+001
  2.0215198e+002  2.3221690e+001
  2.1132007e+002  2.7600117e+001
  2.0988801e+002  3.2170456e+001
  1.9774614e+002  3.0875476e+001
  1.8560426e+002  2.9580495e+001
  1.7046118e+002  2.9854655e+001
  1.5680500e+002  2.8587090e+001
  1.1933113e+002  5.0472796e+001
  1.1820064e+002  7.1700519e+001
  1.1252723e+002  9.3010491e+001
  1.0214641e+002  1.0531686e+002
  1.0550401e+002  1.2343372e+002
  1.2362087e+002  1.2007612e+002
  1.3876395e+002  1.1980196e+002
  1.5396186e+002  1.2255642e+002
  1.5668890e+002  1.0584420e+002
  1.4887062e+002  9.2352509e+001
  1.4094267e+002  7.2803588e+001
  1.3898971e+002  4.8602081e+001
  8.7935471e+001  1.5707748e+002
  1.0302372e+002  1.5377471e+002
  1.1511076e+002  1.5204108e+002
  1.2728006e+002  1.5485036e+002
  1.4088141e+002  1.5308931e+002
  1.5610673e+002  1.5735808e+002
  1.7284637e+002  1.6159942e+002
  1.5629864e+002  1.6795823e+002
  1.4115557e+002  1.6823239e+002
  1.2752680e+002  1.6847913e+002
  1.1389803e+002  1.6872588e+002
  1.0172874e+002  1.6591659e+002
  9.8590457e+001  1.5991419e+002
  1.1370612e+002  1.5812572e+002
  1.2738972e+002  1.6090759e+002
  1.4401969e+002  1.5909171e+002
  1.5921760e+002  1.6184617e+002
  1.4404710e+002  1.6060602e+002
  1.2741714e+002  1.6242190e+002
  1.1373353e+002  1.5964003e+002
  2.6746020e+000  4.9555206e+001
  3.3051680e+000  8.4384283e+001
  8.3141620e+000  1.1004527e+002
  1.3323155e+001  1.3570625e+002
  2.1360764e+001  1.6131240e+002
  3.3913881e+001  1.8532200e+002
  5.3928872e+001  2.0313728e+002
  7.5430754e+001  2.1941084e+002
  9.8364697e+001  2.3111407e+002
  1.2570448e+002  2.3516350e+002
  1.5293461e+002  2.3315571e+002
  1.7540248e+002  2.1911570e+002
  1.9630121e+002  2.0207449e+002
  2.1257477e+002  1.8057261e+002
  2.1816593e+002  1.5471972e+002
  2.2375709e+002  1.2886682e+002
  2.2932084e+002  1.0149962e+002
  2.3034166e+002  7.4214665e+001
  2.2987559e+002  4.8471434e+001
