  1.0225189e+002  5.1630433e+001
  9.1804644e+001  4.3960664e+001
  7.9772424e+001  4.2297194e+001
  6.7681333e+001  4.5153164e+001
  5.8583579e+001  4.9554862e+001
  6.7563590e+001  5.4192047e+001
  7.9595810e+001  5.5855517e+001
  9.1667277e+001  5.4506028e+001
  1.5644594e+002  5.5349851e+001
  1.6409608e+002  4.6409088e+001
  1.7620680e+002  4.2046637e+001
  1.8821939e+002  4.5216588e+001
  1.9717978e+002  5.1360253e+001
  1.8960813e+002  5.4275095e+001
  1.7751704e+002  5.7131065e+001
  1.6697168e+002  5.6993699e+001
  1.0708531e+002  2.7585618e+001
  9.0612145e+001  1.9837354e+001
  6.3593616e+001  1.1951723e+001
  4.9937173e+001  1.9307511e+001
  3.9274067e+001  2.8209027e+001
  4.2208533e+001  3.4274196e+001
  5.2812767e+001  2.9892121e+001
  6.4884234e+001  2.8542632e+001
  8.5955337e+001  3.0323845e+001
  1.0700682e+002  3.3611540e+001
  1.4928639e+002  2.6628604e+001
  1.7049486e+002  1.7864455e+001
  1.8863149e+002  1.3580499e+001
  2.0363743e+002  1.8296179e+001
  2.0954560e+002  2.7413557e+001
  2.0645415e+002  3.3400231e+001
  1.9898062e+002  2.8782670e+001
  1.8843525e+002  2.8645304e+001
  1.6883138e+002  2.9896675e+001
  1.5220123e+002  3.4200254e+001
  1.1733632e+002  5.0320191e+001
  1.1700271e+002  7.5930358e+001
  1.1222816e+002  9.5455733e+001
  9.9999703e+001  1.0885707e+002
  1.0283605e+002  1.2245464e+002
  1.2384828e+002  1.2875529e+002
  1.4192604e+002  1.2899078e+002
  1.5704972e+002  1.2466758e+002
  1.5875244e+002  1.0962240e+002
  1.4687721e+002  9.5907080e+001
  1.4263250e+002  7.4757483e+001
  1.4145963e+002  4.9127692e+001
  8.8806754e+001  1.5843355e+002
  1.0692377e+002  1.5565608e+002
  1.2052134e+002  1.5281973e+002
  1.2954060e+002  1.5444395e+002
  1.4010558e+002  1.5307484e+002
  1.5513114e+002  1.5628404e+002
  1.6863059e+002  1.6098010e+002
  1.5493490e+002  1.7134885e+002
  1.3981123e+002  1.7567205e+002
  1.2926586e+002  1.7553468e+002
  1.1874012e+002  1.7389083e+002
  1.0524067e+002  1.6919478e+002
  1.0232583e+002  1.6162313e+002
  1.1739063e+002  1.6181937e+002
  1.3092934e+002  1.6350246e+002
  1.4599414e+002  1.6369870e+002
  1.5806561e+002  1.6234921e+002
  1.4599414e+002  1.6369870e+002
  1.3092934e+002  1.6350246e+002
  1.1739063e+002  1.6181937e+002
  1.3428414e+001  4.5953187e+001
  1.1568705e+001  7.3050211e+001
  1.5734918e+001  1.0022573e+002
  2.1407611e+001  1.2742087e+002
  2.8606408e+001  1.5312916e+002
  4.0324647e+001  1.7889632e+002
  5.6601574e+001  2.0170939e+002
  7.5930710e+001  2.2154874e+002
  9.9877407e+001  2.3391457e+002
  1.2846129e+002  2.3730038e+002
  1.5559756e+002  2.3614713e+002
  1.7692377e+002  2.1834410e+002
  1.9222406e+002  2.0046257e+002
  2.0607674e+002  1.7804198e+002
  2.1540998e+002  1.5556251e+002
  2.1726969e+002  1.2846549e+002
  2.2061626e+002  1.0289457e+002
  2.2245634e+002  7.7304025e+001
  2.2128347e+002  5.1674234e+001
