  9.8060783e+001  5.8283503e+001
  9.0383113e+001  5.2454488e+001
  8.1315014e+001  5.1178616e+001
  7.0818301e+001  5.2950900e+001
  6.0436144e+001  5.9238140e+001
  6.9580614e+001  6.3523984e+001
  8.1696869e+001  6.6228471e+001
  9.0612226e+001  6.1484402e+001
  1.5826020e+002  5.6756084e+001
  1.6713738e+002  5.0507029e+001
  1.7759590e+002  4.7229760e+001
  1.8670219e+002  5.0010618e+001
  1.9889481e+002  5.5725076e+001
  1.8847447e+002  6.0507331e+001
  1.7647277e+002  6.2317801e+001
  1.6586150e+002  5.9575128e+001
  1.0158292e+002  1.9039323e+001
  8.1827178e+001  1.2010806e+001
  5.7671038e+001  9.6118030e+000
  4.7403438e+001  2.0414000e+001
  4.0183994e+001  3.2644812e+001
  4.4775321e+001  3.5540226e+001
  5.2032951e+001  2.4814400e+001
  6.0910122e+001  1.8565345e+001
  7.9046319e+001  2.1117090e+001
  1.0185022e+002  2.9574222e+001
  1.5275242e+002  1.7741017e+001
  1.6768772e+002  1.2844205e+001
  1.9323429e+002  1.0690067e+001
  2.0241695e+002  1.6480896e+001
  2.1179053e+002  2.9796653e+001
  2.0731376e+002  3.1416195e+001
  1.9813110e+002  2.5625366e+001
  1.9052981e+002  2.2806322e+001
  1.6787865e+002  2.0369133e+001
  1.5441015e+002  2.3722773e+001
  1.1751104e+002  5.3272135e+001
  1.1800745e+002  7.2836947e+001
  1.1402709e+002  9.4021301e+001
  1.0236906e+002  1.0937664e+002
  1.1324763e+002  1.2265421e+002
  1.2675431e+002  1.2080556e+002
  1.4029918e+002  1.2046189e+002
  1.5388224e+002  1.2162320e+002
  1.6113987e+002  1.1089738e+002
  1.5018493e+002  9.4609836e+001
  1.4216359e+002  7.5235951e+001
  1.4309579e+002  5.2622982e+001
  8.5645725e+001  1.6250936e+002
  1.0054284e+002  1.5610756e+002
  1.1393497e+002  1.4974395e+002
  1.2902301e+002  1.5086708e+002
  1.4256788e+002  1.5052341e+002
  1.5464595e+002  1.5172292e+002
  1.7301126e+002  1.6330457e+002
  1.5356100e+002  1.6831594e+002
  1.3847296e+002  1.6719281e+002
  1.2948123e+002  1.6892691e+002
  1.1288821e+002  1.6784196e+002
  1.0231512e+002  1.6660428e+002
  9.9190595e+001  1.6216569e+002
  1.1416408e+002  1.5877387e+002
  1.2921393e+002  1.5839201e+002
  1.4279699e+002  1.5955333e+002
  1.5939002e+002  1.6063827e+002
  1.4279699e+002  1.5955333e+002
  1.2921393e+002  1.5839201e+002
  1.1416408e+002  1.5877387e+002
  2.4163749e+001  5.4134649e+001
  2.0374317e+001  8.2843931e+001
  2.1099841e+001  1.1143866e+002
  2.4644409e+001  1.3243208e+002
  2.8303533e+001  1.5794047e+002
  3.6439428e+001  1.8182931e+002
  5.2023880e+001  2.0251725e+002
  7.3475532e+001  2.1703251e+002
  9.7822599e+001  2.2695644e+002
  1.2506508e+002  2.3228904e+002
  1.5061165e+002  2.3013491e+002
  1.7751046e+002  2.2192264e+002
  1.9526481e+002  2.0942453e+002
  2.0974188e+002  1.8646789e+002
  2.1962762e+002  1.6061584e+002
  2.2349343e+002  1.3491653e+002
  2.2581606e+002  1.0775042e+002
  2.2659552e+002  7.9117506e+001
  2.2594637e+002  5.3532752e+001
