  1.0149483e+002  5.4168439e+001
  9.3733359e+001  4.9825839e+001
  7.9827409e+001  4.4143549e+001
  6.4674205e+001  4.7654862e+001
  5.4187130e+001  5.4076648e+001
  6.6568517e+001  5.9805157e+001
  7.8811248e+001  6.0959973e+001
  9.0961542e+001  5.9065661e+001
  1.5490080e+002  5.4075356e+001
  1.6386331e+002  4.7699789e+001
  1.7897029e+002  4.2663911e+001
  1.9273759e+002  4.3772509e+001
  2.0364063e+002  5.1071800e+001
  1.9315355e+002  5.7493586e+001
  1.7947870e+002  5.9434116e+001
  1.6566518e+002  5.6800955e+001
  1.0833194e+002  2.8019757e+001
  9.1376862e+001  2.2429904e+001
  6.6798963e+001  1.7071144e+001
  4.2359719e+001  1.6286076e+001
  3.0532954e+001  2.8852336e+001
  3.6954740e+001  3.9339411e+001
  4.4438905e+001  3.4534626e+001
  6.5690365e+001  3.0838439e+001
  9.0268265e+001  3.6197199e+001
  1.0260343e+002  4.0401144e+001
  1.4635361e+002  2.3815167e+001
  1.6460216e+002  2.1735981e+001
  1.9185944e+002  1.4805791e+001
  2.0867586e+002  1.5821952e+001
  2.2101103e+002  2.0025896e+001
  2.1976378e+002  2.9219499e+001
  2.0604270e+002  2.9635466e+001
  1.9379997e+002  2.8480650e+001
  1.6806725e+002  3.5364620e+001
  1.4986492e+002  3.8968370e+001
  1.1692535e+002  5.9804510e+001
  1.1590919e+002  7.6620934e+001
  1.0579186e+002  9.5239232e+001
  9.5535881e+001  1.0928384e+002
  1.0205010e+002  1.2282004e+002
  1.2039109e+002  1.2378998e+002
  1.3415839e+002  1.2489858e+002
  1.5393150e+002  1.2277318e+002
  1.5808923e+002  1.0891344e+002
  1.4700131e+002  9.5515897e+001
  1.4187300e+002  7.7359784e+001
  1.4131838e+002  5.9065015e+001
  8.1815450e+001  1.6005664e+002
  9.3827089e+001  1.5358863e+002
  1.1041242e+002  1.4698197e+002
  1.2427215e+002  1.5113970e+002
  1.3942536e+002  1.4762839e+002
  1.5490209e+002  1.5478902e+002
  1.7037882e+002  1.6194966e+002
  1.5832097e+002  1.6689310e+002
  1.4321398e+002  1.7192898e+002
  1.2491921e+002  1.7248360e+002
  1.0657822e+002  1.7151366e+002
  9.2718491e+001  1.6735593e+002
  9.7061091e+001  1.5959445e+002
  1.0916517e+002  1.5617558e+002
  1.2445703e+002  1.5723796e+002
  1.4122723e+002  1.5672955e+002
  1.5665775e+002  1.6236562e+002
  1.4136589e+002  1.6130325e+002
  1.2459568e+002  1.6181165e+002
  1.0930382e+002  1.6074927e+002
  1.9075938e+001  5.3615109e+001
  1.8290870e+001  7.8054353e+001
  2.5128622e+001  1.0226251e+002
  2.9009683e+001  1.2961222e+002
  3.1319961e+001  1.5548359e+002
  4.1160623e+001  1.7807474e+002
  5.7053323e+001  1.9895646e+002
  7.5856495e+001  2.1517204e+002
  1.0057305e+002  2.2510449e+002
  1.2667551e+002  2.3041703e+002
  1.5250067e+002  2.2658219e+002
  1.7814094e+002  2.1664909e+002
  2.0054722e+002  2.0071017e+002
  2.1676280e+002  1.8190700e+002
  2.2664904e+002  1.5566588e+002
  2.3191536e+002  1.2803885e+002
  2.3265421e+002  1.0207505e+002
  2.3487141e+002  7.4540455e+001
  2.3561026e+002  4.8576648e+001
