  1.0158941e+002  5.2439408e+001
  9.2515765e+001  4.8029673e+001
  7.8947654e+001  4.5174576e+001
  6.8454929e+001  4.8300798e+001
  5.7979149e+001  5.2930821e+001
  6.7069744e+001  5.8844358e+001
  7.9167943e+001  6.4724005e+001
  9.1164470e+001  6.1580839e+001
  1.5423944e+002  5.3350126e+001
  1.6319447e+002  4.7233246e+001
  1.7519100e+002  4.4090079e+001
  1.8573456e+002  4.5475265e+001
  1.9634590e+002  5.2875659e+001
  1.8737392e+002  5.7488737e+001
  1.7689814e+002  6.2118761e+001
  1.6483383e+002  5.9246718e+001
  1.0123356e+002  2.0859562e+001
  8.1667189e+001  1.9576048e+001
  5.4547913e+001  1.5369656e+001
  4.2585276e+001  2.1520427e+001
  3.8158596e+001  2.9090274e+001
  4.2737784e+001  3.5054647e+001
  5.0205959e+001  3.0458514e+001
  5.7691080e+001  2.7366183e+001
  8.1768861e+001  2.8598861e+001
  1.0133524e+002  2.9882375e+001
  1.4938913e+002  2.3324917e+001
  1.6885383e+002  1.5585618e+001
  1.8987317e+002  1.2340780e+001
  2.0802047e+002  2.1160250e+001
  2.1265049e+002  3.1636030e+001
  2.0969372e+002  3.6181327e+001
  2.0060313e+002  3.0267790e+001
  1.8853882e+002  2.7395747e+001
  1.7199699e+002  2.7582145e+001
  1.5396831e+002  2.9289291e+001
  1.1813124e+002  5.2253010e+001
  1.1686467e+002  7.3323187e+001
  1.0953206e+002  8.9949738e+001
  1.0071259e+002  1.0809704e+002
  1.0985402e+002  1.1852198e+002
  1.2489204e+002  1.1835253e+002
  1.3842626e+002  1.1820002e+002
  1.5047362e+002  1.1956826e+002
  1.5789096e+002  1.1046072e+002
  1.4712711e+002  8.9526106e+001
  1.4241236e+002  7.1531315e+001
  1.3918447e+002  5.2015777e+001
  9.0762110e+001  1.5934493e+002
  1.0422855e+002  1.5317721e+002
  1.1619119e+002  1.4702644e+002
  1.2825549e+002  1.4989848e+002
  1.4026897e+002  1.4825912e+002
  1.5084642e+002  1.5265191e+002
  1.6596917e+002  1.6000147e+002
  1.5255356e+002  1.7068059e+002
  1.4054009e+002  1.7231995e+002
  1.2854356e+002  1.7546312e+002
  1.1497545e+002  1.7260803e+002
  1.0287725e+002  1.6672838e+002
  9.8298066e+001  1.6076401e+002
  1.1482295e+002  1.5907380e+002
  1.2688725e+002  1.6194585e+002
  1.4192528e+002  1.6177639e+002
  1.5694635e+002  1.6010314e+002
  1.4192528e+002  1.6177639e+002
  1.2688725e+002  1.6194585e+002
  1.1331914e+002  1.5909075e+002
  1.8863346e+001  5.1867596e+001
  1.9151415e+001  7.7432234e+001
  2.2447089e+001  1.0296298e+002
  3.0254170e+001  1.2844289e+002
  3.8078196e+001  1.5542661e+002
  4.5851386e+001  1.7789891e+002
  5.8135983e+001  2.0032038e+002
  7.7905700e+001  2.1964953e+002
  9.9077549e+001  2.2993891e+002
  1.2775146e+002  2.3863976e+002
  1.5326527e+002  2.3384028e+002
  1.7722443e+002  2.2454635e+002
  1.9359680e+002  2.0932193e+002
  2.0988445e+002  1.8657850e+002
  2.2012299e+002  1.6089524e+002
  2.2733699e+002  1.3374207e+002
  2.3306413e+002  1.0810966e+002
  2.3725358e+002  7.9486577e+001
  2.3544476e+002  5.2435082e+001
