  1.0018860e+002  5.4935644e+001
  8.9520208e+001  4.5778009e+001
  7.7322440e+001  4.2719259e+001
  6.5120292e+001  4.5760487e+001
  5.7490937e+001  5.1854991e+001
  6.5112626e+001  5.6435451e+001
  7.7311489e+001  5.7969206e+001
  8.9511447e+001  5.7977967e+001
  1.5813840e+002  5.4977258e+001
  1.6576776e+002  4.8882755e+001
  1.7644601e+002  4.4315436e+001
  1.8864596e+002  4.4324197e+001
  2.0084154e+002  5.0432937e+001
  1.9016220e+002  5.6525251e+001
  1.7948614e+002  5.8042580e+001
  1.6881117e+002  5.8034914e+001
  1.0478439e+002  2.5964028e+001
  8.4963841e+001  1.9849813e+001
  6.3615009e+001  1.8309486e+001
  4.8359586e+001  2.5923509e+001
  3.6154152e+001  3.3539722e+001
  3.9201951e+001  3.6591901e+001
  5.1405195e+001  3.2025678e+001
  6.5131243e+001  3.0510539e+001
  8.3431180e+001  3.0523681e+001
  1.0325283e+002  3.5112902e+001
  1.5510922e+002  2.6000167e+001
  1.7188745e+002  2.1437229e+001
  1.8866568e+002  1.6874291e+001
  2.0238625e+002  2.2984127e+001
  2.1305355e+002  3.3666756e+001
  2.1000027e+002  3.8239550e+001
  2.0085578e+002  3.0608005e+001
  1.8560692e+002  2.9072059e+001
  1.7187978e+002  3.2112193e+001
  1.5662764e+002  3.5151231e+001
  1.1696683e+002  5.0372706e+001
  1.1542431e+002  7.4771527e+001
  1.0931119e+002  9.3067084e+001
  1.0015137e+002  1.0678547e+002
  1.0471430e+002  1.2356369e+002
  1.2301424e+002  1.2357684e+002
  1.3368920e+002  1.2358450e+002
  1.5351414e+002  1.2359874e+002
  1.5505118e+002  1.0682489e+002
  1.4591107e+002  9.3093367e+001
  1.4287422e+002  7.4791239e+001
  1.4136675e+002  5.0390228e+001
  8.4864185e+001  1.5862434e+002
  1.0011851e+002  1.5253531e+002
  1.1537175e+002  1.4797128e+002
  1.2757061e+002  1.4950503e+002
  1.3977166e+002  1.4798880e+002
  1.5654332e+002  1.5257583e+002
  1.6873999e+002  1.5715957e+002
  1.5348238e+002  1.6782359e+002
  1.4280303e+002  1.7391590e+002
  1.2755199e+002  1.7542994e+002
  1.1230314e+002  1.7389400e+002
  1.0010756e+002  1.6778526e+002
  9.5539148e+001  1.5863200e+002
  1.1384018e+002  1.5712015e+002
  1.2756513e+002  1.5713001e+002
  1.4281508e+002  1.5714096e+002
  1.5958893e+002  1.5867800e+002
  1.4281289e+002  1.6019095e+002
  1.2756294e+002  1.6018000e+002
  1.1383799e+002  1.6017014e+002
  1.6318268e+001  4.8775433e+001
  1.4774657e+001  7.4699249e+001
  1.7804934e+001  1.0215135e+002
  2.0835211e+001  1.2960344e+002
  2.6916573e+001  1.5553273e+002
  3.7572920e+001  1.8146531e+002
  5.4332530e+001  2.0282728e+002
  7.5670411e+001  2.1961756e+002
  1.0158875e+002  2.2878614e+002
  1.2751038e+002  2.3337975e+002
  1.5496357e+002  2.2882447e+002
  1.7937115e+002  2.1816703e+002
  2.0073203e+002  2.0293241e+002
  2.1752121e+002  1.8311953e+002
  2.2668870e+002  1.5872618e+002
  2.3128340e+002  1.3127956e+002
  2.3435310e+002  1.0383185e+002
  2.3284782e+002  7.6380846e+001
  2.3134034e+002  5.1979835e+001
