  1.0281182e+002  5.5051392e+001
  9.2398958e+001  4.8669185e+001
  7.8864774e+001  4.5222205e+001
  6.5097976e+001  4.9345909e+001
  5.5873587e+001  5.3609181e+001
  6.3258179e+001  5.9898342e+001
  7.6838885e+001  6.1831185e+001
  9.0605683e+001  5.7707482e+001
  1.5121767e+002  5.8054262e+001
  1.6204924e+002  5.0809239e+001
  1.7728365e+002  4.8246195e+001
  1.8930370e+002  5.1646652e+001
  1.9971657e+002  5.8028859e+001
  1.8897804e+002  6.2245608e+001
  1.7681842e+002  6.3387561e+001
  1.6319119e+002  6.2968855e+001
  1.0520989e+002  2.6329319e+001
  8.2823506e+001  1.5032519e+001
  5.7083183e+001  1.4241629e+001
  4.3223339e+001  2.1393606e+001
  3.0877632e+001  2.8592106e+001
  3.8169177e+001  3.7909540e+001
  4.7393566e+001  3.3646268e+001
  5.9599704e+001  3.0990178e+001
  7.9283480e+001  3.1594976e+001
  1.0180944e+002  3.8349366e+001
  1.4154917e+002  2.7445869e+001
  1.6454036e+002  1.9058894e+001
  2.0092616e+002  1.8661307e+001
  2.1276012e+002  2.8118310e+001
  2.2000514e+002  3.8949881e+001
  2.1532316e+002  4.3352722e+001
  2.0647096e+002  3.5502902e+001
  1.9747918e+002  3.2195491e+001
  1.6710340e+002  3.4293306e+001
  1.4420526e+002  3.9652008e+001
  1.1653210e+002  5.2441825e+001
  1.1592730e+002  7.2125601e+001
  1.0793791e+002  8.5520216e+001
  9.8480907e+001  9.7354171e+001
  1.0700745e+002  1.1580295e+002
  1.2540971e+002  1.0879054e+002
  1.3752280e+002  1.0916272e+002
  1.5243155e+002  1.1719864e+002
  1.5445744e+002  1.0058966e+002
  1.4730546e+002  8.6729812e+001
  1.3712521e+002  7.2776922e+001
  1.3621587e+002  5.3046623e+001
  9.0563444e+001  1.5773354e+002
  1.0446981e+002  1.4906743e+002
  1.1828313e+002  1.4342959e+002
  1.3030318e+002  1.4683005e+002
  1.4099518e+002  1.4412743e+002
  1.5746459e+002  1.5069573e+002
  1.6934507e+002  1.5863860e+002
  1.5548523e+002  1.6579058e+002
  1.4470018e+002  1.7152146e+002
  1.2951229e+002  1.7257037e+002
  1.1437092e+002  1.7210514e+002
  1.0239740e+002  1.6719055e+002
  1.0272306e+002  1.5659159e+002
  1.1488268e+002  1.5544964e+002
  1.3002404e+002  1.5591487e+002
  1.4516541e+002  1.5638010e+002
  1.5874611e+002  1.5831294e+002
  1.4511888e+002  1.5789423e+002
  1.2997752e+002  1.5742900e+002
  1.1483615e+002  1.5696377e+002
  1.5084945e+001  4.9324789e+001
  1.2733396e+001  7.6532725e+001
  1.3456642e+001  1.0231957e+002
  1.5600980e+001  1.3118121e+002
  2.3894910e+001  1.5720067e+002
  3.8291909e+001  1.8189209e+002
  5.7370887e+001  2.0218066e+002
  7.8057047e+001  2.1948748e+002
  1.0347171e+002  2.3087733e+002
  1.3214726e+002  2.3478954e+002
  1.5646649e+002  2.3250563e+002
  1.7955072e+002  2.2109038e+002
  1.9827864e+002  2.0347902e+002
  2.1411785e+002  1.8123220e+002
  2.2390051e+002  1.5879929e+002
  2.3377622e+002  1.3333810e+002
  2.3456711e+002  1.0759778e+002
  2.3228320e+002  8.3278549e+001
  2.3454171e+002  5.9098886e+001
