  9.7731245e+001  5.4561045e+001
  8.5575575e+001  4.5606324e+001
  7.1974982e+001  4.4213250e+001
  5.9935975e+001  4.8846161e+001
  5.2452104e+001  5.6459658e+001
  6.1549412e+001  6.0911093e+001
  7.3640269e+001  6.2317129e+001
  8.5692238e+001  5.9193955e+001
  1.5661098e+002  5.4055505e+001
  1.6711432e+002  4.6416083e+001
  1.8067603e+002  4.3279947e+001
  1.9427662e+002  4.4673021e+001
  2.0492256e+002  5.3640703e+001
  1.9439329e+002  5.8260652e+001
  1.8234132e+002  6.1383826e+001
  1.6721803e+002  5.8493978e+001
  1.0805311e+002  2.5785308e+001
  8.9871460e+001  1.8392174e+001
  5.5147514e+001  1.8690313e+001
  4.1611733e+001  2.4845923e+001
  3.1173201e+001  4.0034029e+001
  3.5741299e+001  4.4524352e+001
  4.6244643e+001  3.6884930e+001
  5.6786876e+001  3.3774719e+001
  8.3975101e+001  3.5051129e+001
  1.0364057e+002  3.9411827e+001
  1.4428680e+002  2.5474207e+001
  1.6235179e+002  1.9279709e+001
  1.9703685e+002  1.4452360e+001
  2.1672824e+002  2.1832530e+001
  2.2138707e+002  3.6891011e+001
  2.1689675e+002  4.1459109e+001
  2.1079299e+002  3.3962275e+001
  1.9867621e+002  2.9536765e+001
  1.6397819e+002  3.2854377e+001
  1.4890675e+002  3.6003476e+001
  1.1734486e+002  5.2882795e+001
  1.1751337e+002  7.2509373e+001
  1.1162998e+002  9.0678064e+001
  9.9668746e+001  1.0436940e+002
  1.0281785e+002  1.1944084e+002
  1.2092172e+002  1.1777555e+002
  1.3903857e+002  1.1762000e+002
  1.5869107e+002  1.2047096e+002
  1.6307769e+002  1.0382497e+002
  1.4937340e+002  9.0354001e+001
  1.4015943e+002  7.2314935e+001
  1.3848118e+002  5.2701319e+001
  8.6547767e+001  1.5883658e+002
  9.8573811e+001  1.5269394e+002
  1.1511610e+002  1.4500266e+002
  1.2720696e+002  1.4640870e+002
  1.4229137e+002  1.4476934e+002
  1.5593085e+002  1.5069162e+002
  1.6958329e+002  1.5812364e+002
  1.5302803e+002  1.6430518e+002
  1.3946633e+002  1.6744132e+002
  1.2740140e+002  1.6905475e+002
  1.1380080e+002  1.6766168e+002
  1.0017429e+002  1.6324913e+002
  1.0013540e+002  1.5871992e+002
  1.1066467e+002  1.5409997e+002
  1.2727177e+002  1.5395738e+002
  1.4238210e+002  1.5533749e+002
  1.6052487e+002  1.5820142e+002
  1.4239506e+002  1.5684723e+002
  1.2729770e+002  1.5697686e+002
  1.1069059e+002  1.5711945e+002
  2.2218480e+001  5.2189699e+001
  2.0929107e+001  7.7868187e+001
  2.4168944e+001  1.0350779e+002
  2.7408781e+001  1.2914739e+002
  3.0661580e+001  1.5629672e+002
  3.9927402e+001  1.8037474e+002
  5.3696509e+001  2.0139439e+002
  7.3491600e+001  2.2085245e+002
  9.7738127e+001  2.3121321e+002
  1.2495228e+002  2.3550910e+002
  1.5210161e+002  2.3225630e+002
  1.7615370e+002  2.1997100e+002
  1.9716039e+002  2.0469216e+002
  2.1509576e+002  1.8340029e+002
  2.2245000e+002  1.6068943e+002
  2.2673292e+002  1.3196554e+002
  2.3253855e+002  1.0473843e+002
  2.3382792e+002  7.9059940e+001
  2.3360756e+002  5.3394415e+001
