  9.8255275e+001  5.3739023e+001
  8.7583543e+001  4.6279115e+001
  7.3930927e+001  4.3390608e+001
  6.1853431e+001  4.6540848e+001
  5.1335659e+001  5.4216300e+001
  6.3490135e+001  5.8633740e+001
  7.4100283e+001  6.0039503e+001
  8.6177779e+001  5.6889263e+001
  1.5878132e+002  5.1609645e+001
  1.6929909e+002  4.3934193e+001
  1.8137659e+002  4.0783953e+001
  1.9351567e+002  4.3687856e+001
  2.0268926e+002  5.2676696e+001
  1.9363883e+002  5.5796144e+001
  1.8154594e+002  5.7432848e+001
  1.6789333e+002  5.4544341e+001
  1.1770030e+002  3.0835834e+001
  1.0248796e+002  2.3422115e+001
  5.7020298e+001  1.7829852e+001
  3.8996431e+001  3.1636429e+001
  3.3050059e+001  4.2292765e+001
  3.6107923e+001  4.5289045e+001
  4.6656487e+001  4.0640664e+001
  6.1730263e+001  3.4432560e+001
  8.7491166e+001  3.7197899e+001
  1.1173853e+002  3.9978635e+001
  1.3890520e+002  3.2133826e+001
  1.5090572e+002  2.1415906e+001
  2.0077543e+002  1.3340156e+001
  2.1452042e+002  2.5309880e+001
  2.1918419e+002  3.7371979e+001
  2.1468977e+002  4.1958776e+001
  2.0553158e+002  3.4483472e+001
  1.9490603e+002  3.1564172e+001
  1.6313717e+002  3.3401025e+001
  1.4503633e+002  3.9639922e+001
  1.1942938e+002  5.2009942e+001
  1.1808520e+002  6.8674234e+001
  1.1220042e+002  8.5384714e+001
  9.8732552e+001  1.0065864e+002
  1.0342712e+002  1.1574781e+002
  1.2307230e+002  1.1252059e+002
  1.3669412e+002  1.1238203e+002
  1.5488734e+002  1.1522435e+002
  1.5928939e+002  1.0155633e+002
  1.4702714e+002  8.6544141e+001
  1.4230178e+002  6.8427897e+001
  1.4061889e+002  5.1794398e+001
  8.2653310e+001  1.5682883e+002
  9.6182758e+001  1.4760905e+002
  1.1127193e+002  1.4291448e+002
  1.2642269e+002  1.4427405e+002
  1.4002911e+002  1.4262195e+002
  1.5521066e+002  1.4700860e+002
  1.7196733e+002  1.5743400e+002
  1.5845328e+002  1.6816731e+002
  1.4186597e+002  1.7439081e+002
  1.2524786e+002  1.7758724e+002
  1.1008171e+002  1.7471413e+002
  9.4869370e+001  1.6730041e+002
  9.9317602e+001  1.5817301e+002
  1.1290863e+002  1.5500737e+002
  1.2656125e+002  1.5789588e+002
  1.4015228e+002  1.5473024e+002
  1.5380490e+002  1.5761875e+002
  1.4019847e+002  1.5927085e+002
  1.2660744e+002  1.6243649e+002
  1.1295482e+002  1.5954798e+002
  2.5574756e+001  5.1450961e+001
  2.4338348e+001  7.8710005e+001
  2.3086545e+001  1.0445551e+002
  2.4846418e+001  1.2865669e+002
  3.1177690e+001  1.5583876e+002
  4.0520639e+001  1.8147649e+002
  5.4358008e+001  2.0252743e+002
  7.4234124e+001  2.2200325e+002
  9.8573868e+001  2.3386520e+002
  1.2587910e+002  2.3964222e+002
  1.5156302e+002  2.3483988e+002
  1.7565643e+002  2.2248525e+002
  1.9669197e+002  2.0713435e+002
  2.1613700e+002  1.8423116e+002
  2.2645462e+002  1.5687974e+002
  2.3071810e+002  1.2958990e+002
  2.3195451e+002  1.0233086e+002
  2.3320631e+002  7.6585351e+001
  2.2991751e+002  5.0886031e+001
