  1.0341677e+002  5.3552527e+001
  9.3140873e+001  4.2756792e+001
  8.1174201e+001  3.9449509e+001
  6.9096136e+001  4.0657576e+001
  5.6795284e+001  5.0896344e+001
  6.7256839e+001  5.4166495e+001
  7.9297773e+001  5.4463545e+001
  9.2843823e+001  5.4797726e+001
  1.5462787e+002  5.3309870e+001
  1.6384423e+002  4.6007074e+001
  1.7746454e+002  4.3331021e+001
  1.8946835e+002  4.5133187e+001
  1.9831339e+002  5.2881558e+001
  1.8917130e+002  5.7174121e+001
  1.7709323e+002  5.8382188e+001
  1.6354718e+002  5.8048008e+001
  1.0566451e+002  2.3487323e+001
  8.9256753e+001  1.7058413e+001
  6.5137754e+001  1.7969431e+001
  4.6779303e+001  2.9564791e+001
  3.7451553e+001  4.1382938e+001
  4.0387524e+001  4.4467434e+001
  5.2688377e+001  3.4228666e+001
  6.6382952e+001  2.8542379e+001
  8.5986601e+001  2.7519968e+001
  1.0092637e+002  3.2406630e+001
  1.4912724e+002  3.2089711e+001
  1.6594345e+002  2.1962337e+001
  1.9160469e+002  1.9583333e+001
  2.0492796e+002  2.8948215e+001
  2.1072564e+002  3.8127440e+001
  2.0756688e+002  4.4073645e+001
  1.9868470e+002  3.7830390e+001
  1.8826028e+002  3.3055122e+001
  1.6564640e+002  3.4003271e+001
  1.5496205e+002  3.9763820e+001
  1.1861646e+002  4.7903372e+001
  1.1809663e+002  6.8975006e+001
  1.1008834e+002  8.8355868e+001
  1.0219144e+002  1.0322138e+002
  1.0930858e+002  1.1996332e+002
  1.2153517e+002  1.1273479e+002
  1.3658634e+002  1.1310610e+002
  1.4844162e+002  1.2092873e+002
  1.5487053e+002  1.0452097e+002
  1.4466889e+002  9.0715002e+001
  1.4067338e+002  6.9531974e+001
  1.3968810e+002  4.8423208e+001
  9.1824020e+001  1.5718280e+002
  1.0401348e+002  1.5145938e+002
  1.1616581e+002  1.4724108e+002
  1.2816961e+002  1.4904324e+002
  1.4024767e+002  1.4783518e+002
  1.5368233e+002  1.5268471e+002
  1.6707986e+002  1.5903936e+002
  1.5485327e+002  1.6626789e+002
  1.4424319e+002  1.6901820e+002
  1.3062287e+002  1.7169426e+002
  1.1711396e+002  1.6985496e+002
  1.0668953e+002  1.6507969e+002
  1.0386495e+002  1.5747985e+002
  1.1440077e+002  1.5773976e+002
  1.2798395e+002  1.5656883e+002
  1.4450311e+002  1.5848239e+002
  1.5654404e+002  1.5877944e+002
  1.4450311e+002  1.5848239e+002
  1.2798395e+002  1.5656883e+002
  1.1440077e+002  1.5773976e+002
  2.0783875e+001  4.5489845e+001
  1.7068149e+001  7.4012801e+001
  1.1847307e+001  1.0249863e+002
  1.4114917e+001  1.3267522e+002
  2.2477256e+001  1.5999011e+002
  3.5392076e+001  1.8591128e+002
  5.1391393e+001  2.0889647e+002
  7.5064818e+001  2.2604685e+002
  9.8812505e+001  2.4018700e+002
  1.3027143e+002  2.4698723e+002
  1.5909144e+002  2.3866202e+002
  1.8060865e+002  2.2112045e+002
  1.9907849e+002  2.0500974e+002
  2.1318151e+002  1.8276717e+002
  2.2133832e+002  1.5736584e+002
  2.2655917e+002  1.2888002e+002
  2.3020063e+002  1.0336730e+002
  2.3086899e+002  7.6275195e+001
  2.2698487e+002  5.0576817e+001
