  1.0028852e+002  5.4145056e+001
  8.9580213e+001  4.5264621e+001
  7.7461396e+001  4.2443594e+001
  6.6924945e+001  4.4124160e+001
  5.6535795e+001  5.4857013e+001
  6.5637183e+001  5.7727141e+001
  7.7731449e+001  5.9039454e+001
  8.9776615e+001  5.7334337e+001
  1.5606185e+002  5.0219268e+001
  1.6350723e+002  4.4061659e+001
  1.7552784e+002  4.0847828e+001
  1.8767121e+002  4.5177569e+001
  1.9536208e+002  5.4107105e+001
  1.8485018e+002  5.7296386e+001
  1.7579789e+002  5.7443688e+001
  1.6367908e+002  5.4622660e+001
  1.0892345e+002  2.8349608e+001
  9.2131188e+001  1.6549944e+001
  6.0399082e+001  1.4048070e+001
  4.8427566e+001  2.0279330e+001
  3.6554252e+001  3.2545448e+001
  4.1252247e+001  4.3032800e+001
  4.8673069e+001  3.5366476e+001
  6.3686564e+001  3.0594830e+001
  8.9383811e+001  3.3194904e+001
  1.0301134e+002  3.5991381e+001
  1.4058191e+002  2.6325338e+001
  1.6459859e+002  1.8388961e+001
  1.9316596e+002  1.1887648e+001
  2.1149149e+002  2.5171476e+001
  2.1623858e+002  3.8676256e+001
  2.1183519e+002  4.6293480e+001
  2.0115144e+002  3.8921759e+001
  1.9197640e+002  3.1525488e+001
  1.6786152e+002  3.3427006e+001
  1.4377119e+002  3.6837239e+001
  1.1532656e+002  5.0882125e+001
  1.1564572e+002  7.0495414e+001
  1.0990546e+002  8.8698189e+001
  9.9589960e+001  1.0395719e+002
  1.0285289e+002  1.1899523e+002
  1.1937510e+002  1.1419903e+002
  1.3295353e+002  1.1397808e+002
  1.4959849e+002  1.1672546e+002
  1.5694566e+002  1.0453299e+002
  1.4460589e+002  8.8133534e+001
  1.3827643e+002  7.0127160e+001
  1.3795728e+002  5.0513871e+001
  8.9937317e+001  1.5995148e+002
  1.0339300e+002  1.5218695e+002
  1.1536451e+002  1.4595569e+002
  1.2748333e+002  1.4877672e+002
  1.3797068e+002  1.4407872e+002
  1.5318058e+002  1.5137679e+002
  1.6534849e+002  1.5721525e+002
  1.5040865e+002  1.6651304e+002
  1.3534606e+002  1.6826726e+002
  1.2629377e+002  1.6841456e+002
  1.1573277e+002  1.6858641e+002
  1.0517176e+002  1.6875826e+002
  1.0351575e+002  1.5973052e+002
  1.1548726e+002  1.5349926e+002
  1.2758153e+002  1.5481158e+002
  1.3962670e+002  1.5310646e+002
  1.5481204e+002  1.5889582e+002
  1.3970035e+002  1.5763260e+002
  1.2763063e+002  1.5782901e+002
  1.1556091e+002  1.5802541e+002
  2.7821118e+001  5.2306039e+001
  2.3687778e+001  7.6519122e+001
  2.4154233e+001  1.0518470e+002
  2.7613567e+001  1.3229246e+002
  3.2557064e+001  1.5786696e+002
  4.0517991e+001  1.8339235e+002
  5.4464676e+001  2.0580212e+002
  7.2839303e+001  2.2210338e+002
  9.8782053e+001  2.3979060e+002
  1.2754583e+002  2.4535900e+002
  1.5462904e+002  2.4039095e+002
  1.8156495e+002  2.2637062e+002
  2.0093274e+002  2.1096432e+002
  2.1866906e+002  1.8803900e+002
  2.3029687e+002  1.6068573e+002
  2.3438111e+002  1.3345522e+002
  2.3542337e+002  1.0476509e+002
  2.3498146e+002  7.7608232e+001
  2.2850470e+002  5.0549571e+001
