  9.7033387e+001  6.0474291e+001
  8.9256387e+001  4.9934075e+001
  7.8551774e+001  4.7053432e+001
  6.6395096e+001  4.8763835e+001
  5.7353915e+001  5.4994829e+001
  6.5036973e+001  5.9444964e+001
  7.7264107e+001  6.2302122e+001
  8.7921750e+001  6.2137724e+001
  1.5791072e+002  5.8012355e+001
  1.6690493e+002  4.8736320e+001
  1.7599308e+002  4.5550367e+001
  1.8667421e+002  4.6908489e+001
  1.9894832e+002  5.2810688e+001
  1.9140617e+002  5.7495676e+001
  1.7924949e+002  5.9206080e+001
  1.6859185e+002  5.9370478e+001
  9.9585235e+001  2.8454391e+001
  8.1197563e+001  2.1123614e+001
  5.9882277e+001  2.1452409e+001
  4.6179593e+001  2.1663778e+001
  3.4163827e+001  3.2509304e+001
  3.8801845e+001  3.7006409e+001
  4.7889996e+001  3.3820456e+001
  6.0046675e+001  3.2110052e+001
  7.8340405e+001  3.3350748e+001
  9.8180141e+001  3.6090479e+001
  1.4982841e+002  2.7679373e+001
  1.7259576e+002  2.2759531e+001
  1.9840815e+002  1.7792718e+001
  2.1068226e+002  2.3694917e+001
  2.1845926e+002  3.4235133e+001
  2.1393866e+002  3.7350630e+001
  2.0780161e+002  3.4399530e+001
  1.9861952e+002  3.1495402e+001
  1.7276016e+002  3.3417174e+001
  1.5301436e+002  3.6767525e+001
  1.1368717e+002  5.4125870e+001
  1.1099441e+002  7.7010647e+001
  1.0516267e+002  9.3852313e+001
  9.4692908e+001  1.0619688e+002
  9.7949318e+001  1.1985259e+002
  1.1940552e+002  1.2865892e+002
  1.3158568e+002  1.2847103e+002
  1.5885013e+002  1.1891317e+002
  1.6016129e+002  1.0518700e+002
  1.4929227e+002  9.1648717e+001
  1.4296734e+002  7.6517454e+001
  1.4109254e+002  5.3703133e+001
  7.3964757e+001  1.4458868e+002
  9.0688996e+001  1.4280782e+002
  1.0743672e+002  1.4254948e+002
  1.2727646e+002  1.4528921e+002
  1.4854477e+002  1.4191538e+002
  1.6526901e+002  1.4013452e+002
  1.8353926e+002  1.3985269e+002
  1.6416923e+002  1.6756337e+002
  1.4608687e+002  1.8002536e+002
  1.2940960e+002  1.8485126e+002
  1.0800037e+002  1.7908997e+002
  8.8019722e+001  1.6721512e+002
  8.0078324e+001  1.4601726e+002
  1.0144058e+002  1.4873351e+002
  1.2739388e+002  1.5290182e+002
  1.5018472e+002  1.4950449e+002
  1.7754312e+002  1.4603671e+002
  1.5796172e+002  1.6004471e+002
  1.2922171e+002  1.7267110e+002
  9.5538382e+001  1.6100761e+002
  2.0789939e+001  5.4035958e+001
  1.9619699e+001  7.6897250e+001
  2.1564957e+001  1.0427913e+002
  2.6531770e+001  1.3009152e+002
  3.1498583e+001  1.5590392e+002
  4.2508507e+001  1.7857732e+002
  5.9561541e+001  1.9811175e+002
  7.9636132e+001  2.1607669e+002
  1.0116279e+002  2.2945057e+002
  1.2716306e+002  2.3666392e+002
  1.5145293e+002  2.3172060e+002
  1.7407937e+002  2.1766563e+002
  1.9359031e+002  1.9909008e+002
  2.1310125e+002  1.8051452e+002
  2.2645165e+002  1.5746535e+002
  2.3214248e+002  1.3148856e+002
  2.3326575e+002  1.0558222e+002
  2.3438902e+002  7.9675892e+001
  2.3246725e+002  5.3816530e+001
