  9.7009082e+001  5.6601514e+001
  8.7922564e+001  4.8931037e+001
  7.7284533e+001  4.5818334e+001
  6.6607795e+001  4.8795565e+001
  5.7424512e+001  5.6349923e+001
  6.6540059e+001  5.9452949e+001
  7.7187767e+001  6.1043169e+001
  8.7854828e+001  5.9588421e+001
  1.5944058e+002  5.5475769e+001
  1.6709170e+002  4.9434218e+001
  1.7776844e+002  4.6456986e+001
  1.8992896e+002  4.9579366e+001
  1.9751235e+002  5.4195199e+001
  1.8986122e+002  6.0236750e+001
  1.7919416e+002  6.1691498e+001
  1.6703365e+002  5.8569118e+001
  1.0026693e+002  2.3126230e+001
  8.0513354e+001  1.6910501e+001
  5.7676102e+001  1.6765353e+001
  4.3954398e+001  1.9723231e+001
  3.6274244e+001  3.0332232e+001
  4.0822342e+001  3.3406229e+001
  4.6941305e+001  2.8877485e+001
  5.7608366e+001  2.7422737e+001
  7.8932811e+001  2.6035725e+001
  1.0021855e+002  3.0738648e+001
  1.5354418e+002  2.4987393e+001
  1.7336549e+002  2.0545738e+001
  1.9317713e+002  1.7626566e+001
  2.0532797e+002  2.2271429e+001
  2.1594665e+002  2.8429099e+001
  2.1286298e+002  3.4499679e+001
  2.0526991e+002  3.1406330e+001
  1.9006443e+002  2.8264597e+001
  1.7482992e+002  2.9690315e+001
  1.5654076e+002  3.2619163e+001
  1.1835288e+002  5.2169535e+001
  1.1822709e+002  7.1961820e+001
  1.1202103e+002  9.0192916e+001
  1.0278937e+002  1.0535969e+002
  1.0879221e+002  1.1910075e+002
  1.2251392e+002  1.1614287e+002
  1.3926123e+002  1.1624931e+002
  1.5295391e+002  1.1785889e+002
  1.5607629e+002  1.0569837e+002
  1.4703815e+002  9.0415476e+001
  1.3954185e+002  7.2097292e+001
  1.3966765e+002  5.2305007e+001
  8.5703369e+001  1.5854017e+002
  9.7921943e+001  1.5252765e+002
  1.1165332e+002  1.4804729e+002
  1.2840064e+002  1.4815373e+002
  1.4210299e+002  1.4824082e+002
  1.5425383e+002  1.5288568e+002
  1.6943028e+002  1.6059487e+002
  1.5718268e+002  1.7117484e+002
  1.4342227e+002  1.8022265e+002
  1.2971992e+002  1.8013556e+002
  1.1450476e+002  1.7851631e+002
  1.0238295e+002  1.6930400e+002
  9.4838270e+001  1.5859823e+002
  1.1463056e+002  1.5872403e+002
  1.2832323e+002  1.6033360e+002
  1.4660271e+002  1.5892723e+002
  1.6029538e+002  1.6053680e+002
  1.4659303e+002  1.6044972e+002
  1.2831355e+002  1.6185608e+002
  1.1462088e+002  1.6024651e+002
  2.2446098e+001  5.0037429e+001
  2.0759113e+001  7.5909971e+001
  2.2107419e+001  1.0332435e+002
  2.4987884e+001  1.2922592e+002
  2.9381157e+001  1.5665965e+002
  3.9883716e+001  1.8108713e+002
  5.6495563e+001  2.0250834e+002
  7.7713566e+001  2.1786864e+002
  1.0198621e+002  2.3172582e+002
  1.2936189e+002  2.3646745e+002
  1.5376033e+002  2.3053234e+002
  1.7515251e+002  2.1848794e+002
  1.9506091e+002  2.0034394e+002
  2.1041154e+002  1.8064842e+002
  2.1817878e+002  1.5633706e+002
  2.2443322e+002  1.3049355e+002
  2.2764269e+002  1.0463069e+002
  2.2932000e+002  8.0280626e+001
  2.2643953e+002  5.4379054e+001
